,category,correct_answer,extracted_answer,verbal_numerical_confidence,logit_perplexity_confidence,verbal_linguistic_confidence,token_length
0,business,I,D,0.95,0.7524200510143793,0.95,84
1,business,F,F,0.9,0.7545766776210356,0.9,79
2,business,J,J,0.95,0.6967456089064102,0.95,95
3,business,C,H,0.8,0.7612352547379486,0.8,157
4,business,G,J,0.95,0.6846946050802596,0.8,173
5,business,A,A,0.75,0.6977078542047348,0.6,107
6,business,D,H,0.98,0.7890006321936979,0.4,63
7,business,J,J,0.9,0.7757909644324895,0.9,68
8,business,E,E,1.0,0.8350032818474602,1.0,52
9,business,F,D,0.95,0.7150438363442734,0.95,117
10,business,E,E,0.9,0.7936054505301062,0.9,74
11,business,G,C,0.95,0.8030090218297078,0.95,56
12,business,J,J,0.9,0.7167611452824194,0.9,79
13,business,D,C,0.9,0.7353845006568384,0.9,56
14,business,F,J,0.95,0.8061794464147113,0.95,88
15,business,J,J,0.95,0.7690752989689891,0.95,106
16,business,F,J,0.5,0.8230223003789208,0.0,681
17,business,A,E,0.85,0.8013111169880252,0.2,133
18,business,B,H,0.95,0.8295213695396128,0.95,136
19,business,D,B,0.95,0.8884539197802479,0.8,78
20,business,J,A,0.9,0.9525799109051885,0.7,466
21,business,I,B,0.95,0.8612797241698146,0.95,62
22,business,E,B,1.0,0.8444167440196391,0.0,73
23,business,H,H,1.0,0.8904027478154946,1.0,135
24,business,J,J,0.95,0.894330098889329,0.0,148
25,business,J,A,1.0,0.8558308088241274,0.9,147
26,business,H,A,1.0,0.9236245274461821,1.0,55
27,business,F,F,1.0,0.9457515529666017,1.0,91
28,business,H,J,0.97,0.8582455447610821,0.0,189
29,business,C,C,0.95,0.9085980051764468,0.95,102
30,business,E,E,0.95,0.9151397381699073,0.95,98
31,business,H,H,1.0,0.8906247385990866,1.0,134
32,business,J,B,0.98,0.767997915015398,0.0,78
33,business,I,H,0.9,0.957166580121128,0.7,381
34,business,I,A,0.95,0.8336265962081587,0.9,68
35,business,I,E,0.0,0.8866885166092704,0.0,209
36,business,H,J,1.0,0.8652534689798264,1.0,187
37,business,A,A,0.85,0.8693489817014111,1.0,42
38,business,H,H,1.0,0.903090535930889,1.0,132
39,business,J,I,0.95,0.8071018739233098,0.95,80
40,business,G,I,0.95,0.7503008797823005,0.7,171
41,business,A,B,0.95,0.8569692377184042,1.0,97
42,business,G,C,0.8,0.8818142927406818,0.8,65
43,business,A,A,0.9,0.7489438744710192,0.9,257
44,business,B,A,0.95,0.9037391657014586,0.95,105
45,business,J,F,0.9,0.8832599834818338,1.0,69
46,business,J,C,0.9,0.7310379310355424,0.8,92
47,business,I,E,1.0,0.9398983682136773,1.0,48
48,business,G,I,0.92,0.8933432868497381,0.9,217
49,business,F,F,0.99,0.888352912050549,0.99,231
50,business,H,A,0.95,0.9020639349396895,0.0,104
51,business,F,E,0.85,0.8468756270161398,0.7,176
52,business,F,G,0.35,0.8387962624448942,0.4,168
53,business,A,A,0.9,0.6531965589690536,0.9,105
54,business,A,J,0.9,0.8452871704591105,0.9,71
55,business,B,H,0.95,0.8088913278704778,0.95,71
56,business,D,B,0.95,0.7498526245322191,0.95,156
57,business,D,D,0.95,0.7683181146505976,0.95,56
58,business,J,A,0.95,0.7896577012066641,0.95,114
59,business,I,E,0.95,0.7832420743729909,0.95,68
60,business,D,D,0.9,0.7595745844541661,0.9,72
61,business,H,C,0.95,0.7991494176067434,0.95,82
62,business,J,C,0.95,0.8302885068431836,0.95,51
63,business,E,E,0.75,0.8143616637158843,0.0,61
64,business,I,A,0.7,0.8778349784123892,0.4,593
65,business,H,D,1.0,0.7910873236851261,0.4,231
66,business,F,J,0.85,0.8714198509620674,0.9,104
67,business,E,E,1.0,0.85842857460891,1.0,133
68,business,I,I,0.95,0.8355344913052212,0.8,211
69,business,D,I,0.9,0.871492398554841,0.9,134
70,business,B,G,0.1,0.7378478503834668,0.0,93
71,business,I,H,0.9,0.874803653945564,0.8,115
72,business,I,I,1.0,0.936063777272612,1.0,51
73,business,C,C,0.95,0.7864446567807465,0.95,116
74,business,E,J,0.9,0.7469272251580237,0.7,249
75,business,H,H,1.0,0.9378976284953774,1.0,74
76,business,E,J,0.9,0.8853946226712651,0.5,140
77,business,D,B,0.95,0.7638330387811646,0.0,180
78,business,I,B,0.9,0.8723153707687116,1.0,126
79,business,J,B,0.99,0.9200444367988945,0.0,50
80,business,E,E,1.0,0.9274385764087099,1.0,207
81,business,E,A,0.6,0.8537376849540296,0.0,150
82,business,I,A,0.98,0.9326622285027466,0.0,346
83,business,B,H,0.95,0.8304405139843745,0.95,123
84,business,D,E,1.0,0.8627962271957005,0.2,90
85,business,G,D,0.8,0.8659934566443223,0.0,60
86,business,A,A,1.0,0.9515421245260414,1.0,94
87,business,E,E,1.0,0.9474206478454497,1.0,92
88,business,I,B,0.95,0.8378288675423031,0.95,87
89,business,J,J,0.95,0.869382964434888,1.0,109
90,business,C,C,0.95,0.8991252681864632,1.0,119
91,business,G,D,1.0,0.9030410425976276,0.0,120
92,business,C,C,0.95,0.9472126488609119,47.975,235
93,business,B,B,0.98,0.873174234908007,0.95,249
94,business,D,C,1.0,0.8874624733459024,1.0,153
95,business,B,B,0.9,0.8997151216225041,0.7,256
96,business,C,E,0.95,0.851389331652385,0.95,141
97,business,D,B,0.95,0.862924625090768,0.7,187
98,business,G,G,1.0,0.8671674713457724,1.0,155
99,business,E,H,1.0,0.888559008444121,0.9,206
100,business,E,E,0.9,0.8151682530383381,0.9,150
101,business,I,G,0.4,0.8447166340484874,0.4,171
102,business,G,G,0.95,0.9094827227229085,0.95,60
103,business,F,F,,0.9273854134708499,,214
104,business,J,D,0.85,0.7873597599433337,,1589
105,business,B,B,1.0,0.9063177434595596,1.0,87
106,business,D,B,0.85,0.6456375973748888,0.2,192
107,business,C,E,0.99,0.9103055861233251,0.4,204
108,business,H,B,0.95,0.8920554656985616,0.95,659
109,business,E,D,0.98,0.8461968761509717,0.6,200
110,business,G,A,1.0,0.8622721563360889,0.0,137
111,business,A,A,1.0,0.861617897681975,1.0,146
112,business,A,A,1.0,0.8636236072764915,0.9,209
113,business,H,H,0.9,0.9020445375487385,0.8,309
114,business,B,F,0.95,0.8849337868564746,0.95,220
115,business,D,D,0.9,0.8369550205522734,1.0,106
116,business,I,D,1.0,0.9527304345279474,1.0,260
117,business,I,G,0.95,0.9280717394964463,0.4,308
118,business,C,C,1.0,0.9563061264859639,1.0,86
119,business,H,D,1.0,0.8263883658966455,0.95,61
120,business,D,D,0.85,0.8111627492039323,0.85,61
121,business,F,A,0.85,0.7749495929245062,0.85,70
122,business,F,E,0.95,0.7785594965390409,0.95,88
123,business,J,J,0.95,0.8428920978776853,0.95,58
124,business,G,G,0.9,0.7555955715584207,0.7,185
125,business,E,D,0.9,0.7677727160020559,0.7,79
126,business,H,C,0.95,0.7235835096315945,0.95,87
127,business,H,H,0.9,0.8215030945968371,0.9,75
128,business,J,B,0.95,0.7775031925704072,0.95,54
129,business,I,J,0.4,0.8119575538619702,0.4,360
130,business,J,J,1.0,0.8069060859710144,1.0,55
131,business,B,F,0.95,0.7757693972642976,0.95,79
132,business,A,G,0.85,0.8377202776488256,0.85,64
133,business,G,G,0.85,0.810872559959219,0.0,215
134,business,F,B,0.5,0.8761183583262353,0.2,172
135,business,J,E,0.9,0.8263303413202224,0.9,91
136,business,A,A,1.0,0.8916969084445936,1.0,264
137,business,C,,1.0,0.8584634565903285,1.0,319
138,business,F,A,0.95,0.9047977283174328,0.95,199
139,business,J,C,0.95,0.8140868838938089,0.6,570
140,business,B,C,0.9,0.846833470277799,0.8666666666666667,105
141,business,J,F,1.0,0.8540263529799355,1.0,174
142,business,H,H,0.9,0.9207548097924755,1.0,96
143,business,C,I,0.1,0.8310767712088567,0.6,520
144,business,A,A,1.0,0.8889603856866011,1.0,138
145,business,J,J,0.95,0.9045075120544883,1.0,126
146,business,E,C,1.0,0.8755646340718953,1.0,86
147,business,J,B,0.9,0.8808469689906105,0.9,200
148,business,I,B,1.0,0.8491497500401439,1.0,60
149,business,A,A,0.95,0.9148996734500134,1.0,128
150,business,H,H,0.95,0.862765168511952,0.0,125
151,business,H,A,0.9,0.915284199436665,0.4,277
152,business,H,A,1.0,0.8176823137727682,1.0,353
153,business,J,D,0.55,0.8227490940511935,0.55,318
154,business,H,D,0.8,0.8343641665030083,0.8,63
155,business,H,C,1.0,0.8033147930508407,,1102
156,business,A,B,0.9,0.8307692308965341,1.0,79
157,business,B,D,0.95,0.8092526914687581,0.0,132
158,business,F,D,0.95,0.8383323963864402,0.0,181
159,business,F,F,0.9,0.8805652026220436,0.4,149
160,business,J,J,0.9,0.9032033274664485,0.9,110
161,business,E,D,0.0,0.7185141406428658,0.0,218
162,business,A,A,0.9,0.8448450707250538,0.9,197
163,business,J,C,1.0,0.902235629595223,1.0,58
164,business,A,A,1.0,0.8636022253428891,1.0,84
165,business,F,J,0.95,0.8394214028726982,0.95,65
166,business,E,B,0.95,0.7817639233148127,0.95,76
167,business,J,J,1.0,0.9257287082757261,1.0,107
168,business,E,A,0.95,0.8503772384571102,0.4,71
169,business,F,F,1.0,0.9144527664604707,1.0,104
170,business,H,D,1.0,0.8829720546039478,0.0,107
171,business,A,A,0.99,0.9200563336145025,1.0,126
172,business,D,D,0.95,0.8613500581716023,0.95,244
173,business,E,D,0.9,0.7902161596569016,0.7,155
174,business,C,H,0.8,0.854983498501367,0.7,169
175,business,F,C,0.8,0.8250124537758712,0.8,143
176,business,I,I,1.0,0.8799581122676592,0.0,122
177,business,H,H,0.97,0.8686929008463031,0.97,66
178,business,B,B,0.9,0.8971833107649322,0.9,69
179,business,E,D,0.9,0.8931974912643511,0.8,83
180,business,G,C,0.9,0.8253987549022832,0.9,128
181,business,J,C,0.0,0.8054113887056513,0.4,501
182,business,E,E,0.95,0.9498277009103874,1.0,143
183,business,A,H,0.99,0.9300862770314156,0.99,117
184,business,A,A,0.95,0.7802123345897024,0.95,182
185,business,B,D,0.95,0.893397031807333,1.0,87
186,business,G,G,0.95,0.8439498205517547,0.95,48
187,business,C,C,0.8,0.7222640854821027,0.8,91
188,business,E,B,0.95,0.813223949638376,0.95,71
189,business,J,B,1.0,0.7768133365525243,0.95,187
190,business,G,G,0.95,0.7591505610897488,0.95,101
191,business,D,I,0.95,0.6931238021799133,0.8,114
192,business,G,A,0.95,0.8908534090260074,0.4,113
193,business,G,G,0.95,0.7839983429349668,0.95,93
194,business,D,D,0.95,0.8037885881989776,0.95,96
195,business,I,I,0.95,0.775794831935994,0.95,97
196,business,C,C,0.95,0.7482279739602142,0.95,79
197,business,F,I,0.95,0.7601265627117151,0.95,69
198,business,E,B,1.0,0.8784273932473823,0.8,170
199,business,C,B,1.0,0.7946307622483102,0.0,82
200,business,E,,0.95,0.6993113985015338,0.95,496
201,business,A,A,1.0,0.9276227907181139,1.0,77
202,business,E,E,1.0,0.9241800603573449,1.0,118
203,business,C,B,1.0,0.931215632330912,0.9,122
204,business,C,E,0.95,0.9243189672854459,0.95,192
205,business,D,J,0.9,0.8463017531233011,0.6,193
206,business,I,A,0.95,0.7950967058013927,0.95,88
207,business,G,E,0.0,0.7418496633525468,0.0,360
208,business,F,J,0.95,0.8807814822003851,0.0,177
209,business,J,A,0.85,0.887129906538969,0.9,187
210,business,E,E,0.9,0.9259905808819318,1.0,195
211,business,F,,0.95,0.8938430577668801,0.9,150
212,business,B,B,0.95,0.8636282120882844,0.95,146
213,business,I,E,1.0,0.8444373909654874,1.0,183
214,business,B,B,1.0,0.8937780899663935,1.0,192
215,business,G,F,1.0,0.9162876917231303,1.0,44
216,business,A,H,1.0,0.8987853284887601,0.7,418
217,business,J,D,1.0,0.9305297558365664,1.0,214
218,business,D,B,0.95,0.8897335627416183,0.9,135
219,business,C,C,0.95,0.7701332320400418,0.95,198
220,business,A,D,0.95,0.9180700737657375,0.95,78
221,business,D,D,0.95,0.765467144428488,0.8,162
222,business,B,E,0.92,0.8434918357164479,0.92,99
223,business,A,A,1.0,0.9042867506815442,1.0,122
224,business,G,G,0.95,0.8385809384771074,0.95,66
225,business,E,B,1.0,0.9037067247543729,0.5,51
226,business,A,B,0.95,0.8194452697978788,0.0,299
227,business,J,I,0.95,0.7660005944502313,0.95,143
228,business,H,H,0.95,0.8506179061253046,0.95,69
229,business,C,J,0.95,0.8372079380351417,0.95,66
230,business,H,H,1.0,0.9572577952606308,1.0,42
231,business,J,D,0.95,0.9173583145626896,0.95,61
232,business,G,,0.85,0.8913720768946138,0.9,193
233,business,E,B,0.95,0.83714145040111,0.0,54
234,business,B,G,0.95,0.6528109661329121,0.7,185
235,business,I,G,0.85,0.7367478111664292,0.85,72
236,business,C,A,1.0,0.8609752081644699,0.0,52
237,business,G,B,0.95,0.7513571819644053,0.95,111
238,business,C,G,0.95,0.8096955275541335,0.95,51
239,business,C,I,0.9,0.7495112898517549,0.9,195
240,business,D,D,0.95,0.8376441306662747,0.95,59
241,business,D,H,1.0,0.7184139579528303,1.0,134
242,business,J,F,1.0,0.7288599786181192,0.9,82
243,business,F,F,0.9,0.6972551785737289,0.9,118
244,business,H,F,0.85,0.7673851439847632,0.85,61
245,business,G,,1.0,0.891495070313806,0.9,150
246,business,G,G,0.95,0.8712847832746781,0.9,150
247,business,C,B,0.9,0.8738928454653607,0.8,77
248,business,E,C,0.95,0.8804377534801315,0.95,146
249,business,A,E,0.9,0.8118143109887673,0.8,99
250,business,F,H,0.1,0.8239757040651297,0.0,229
251,business,B,D,0.87,0.8949508469457282,0.0,42
252,business,F,H,0.9,0.8058020485148707,0.7,95
253,business,I,I,1.0,0.9123356972439891,1.0,95
254,business,G,G,0.8,0.9051285270676993,0.6,466
255,business,I,I,1.0,0.9145389709623178,1.0,93
256,business,E,A,0.9,0.8948635943039142,0.9,43
257,business,D,D,1.0,0.885588685792044,1.0,162
258,business,H,A,0.95,0.87943188056339,0.0,111
259,business,G,G,0.95,0.9298771640242539,1.0,109
260,business,H,H,0.95,0.8864823219461958,0.95,71
261,business,B,A,1.0,0.9012106328211643,1.0,53
262,business,F,,0.95,0.8644539942285789,0.4,166
263,business,I,C,0.95,0.8721838987441664,0.0,118
264,business,D,D,0.95,0.9184359944377835,0.95,77
265,business,G,G,1.0,0.9507506429337228,1.0,77
266,business,E,E,1.0,0.9238887112917082,1.0,146
267,business,E,D,0.1,0.877957332471501,0.2,245
268,business,F,A,0.98,0.8555800755165419,0.0,125
269,business,D,D,0.95,0.8746517284280576,0.95,86
270,business,H,H,1.0,0.9139287959744146,1.0,91
271,business,J,C,1.0,0.9151723120662716,0.39999999999999997,89
272,business,I,A,1.0,0.8401603385726797,0.9,104
273,business,H,H,0.9,0.8956373980020509,0.9,245
274,business,A,I,0.99,0.9273360143825908,0.9,107
275,business,F,A,0.95,0.842575998101513,0.0,65
276,business,F,F,0.95,0.8975075589453123,1.0,108
277,business,A,A,1.0,0.9340864604596393,1.0,45
278,business,B,B,0.95,0.8518376107776212,0.7,156
279,business,H,H,0.95,0.9328142050943511,1.0,102
280,business,E,C,0.95,0.8757798993060347,0.8,205
281,business,B,B,0.95,0.7883950826904409,0.95,72
282,business,F,J,0.95,0.8517132404329084,0.9,57
283,business,B,B,1.0,0.9129222772301837,1.0,212
284,business,J,G,0.95,0.8255017526215479,0.95,515
285,business,H,H,0.85,0.8762273733195558,0.85,256
286,business,F,B,0.95,0.7702475664596545,0.95,142
287,business,I,D,0.9,0.8117595549178338,0.9,76
288,business,J,F,0.95,0.6985082850723753,0.95,133
289,business,I,A,0.95,0.7541123437627814,0.8,82
290,business,G,G,0.9,0.8293549927866518,0.9,58
291,business,C,I,0.95,0.8646991467012678,0.4,49
292,business,G,G,0.95,0.7531087727849755,0.95,65
293,business,H,A,1.0,0.7544288154757666,0.8,172
294,business,D,E,0.85,0.7174945499204632,0.85,63
295,business,I,G,0.9,0.9170193319820225,0.9,535
296,business,C,C,1.0,0.8029451299033399,1.0,76
297,business,H,H,0.5,0.8718769359619056,0.0,284
298,business,I,E,1.0,0.931793447996089,0.8,157
299,business,B,,0.85,0.707663784010652,0.85,275
300,business,D,B,0.9,0.8764299060872953,0.0,145
301,business,G,G,0.98,0.9505372922823708,1.0,152
302,business,B,B,0.95,0.915112118965812,1.0,86
303,business,G,G,1.0,0.9128094762370939,1.0,99
304,business,E,E,0.95,0.8928729447822448,0.95,156
305,business,I,I,1.0,0.8840971714102045,1.0,63
306,business,H,J,1.0,0.8537901336254287,0.0,199
307,business,E,B,0.95,0.8552627756608896,0.4,92
308,business,I,I,1.0,0.9545989755743521,1.0,70
309,business,A,A,1.0,0.9133330907294345,1.0,112
310,business,A,A,1.0,0.916068408779192,1.0,167
311,business,A,D,0.95,0.8110623001586164,0.4,234
312,business,F,E,1.0,0.804450315315014,0.0,303
313,business,B,J,0.98,0.8631832037842112,0.4,126
314,business,I,E,0.9,0.8028555670082685,0.2,190
315,business,D,D,0.98,0.9094855617152837,0.0,132
316,business,G,D,0.95,0.8647499237726056,0.95,240
317,business,J,E,0.95,0.8312939510927035,0.95,121
318,business,D,D,1.0,0.8949365813851592,1.0,47
319,business,A,A,0.85,0.820541121654571,0.95,64
320,business,J,J,1.0,0.9323580831800484,1.0,235
321,business,D,D,0.95,0.8124229169245404,0.95,143
322,business,J,A,1.0,0.8756756902328864,0.9,79
323,business,J,I,0.95,0.8193287030365971,0.9,128
324,business,J,E,0.9,0.8266459384945802,0.0,152
325,business,H,H,1.0,0.8699699024611894,1.0,182
326,business,A,A,1.0,0.882175440275561,1.0,129
327,business,B,H,1.0,0.8761405790326141,0.0,96
328,business,I,C,0.95,0.8986271706871578,0.0,58
329,business,A,A,1.0,0.9401002384540967,1.0,254
330,business,J,G,0.9,0.8075018738511321,0.0,138
331,business,E,D,0.92,0.8450825992987677,0.9,231
332,business,J,,0.95,0.8834111907303662,0.95,386
333,business,A,D,0.95,0.8207836776551665,0.95,146
334,business,E,H,0.95,0.8845404920272599,0.95,51
335,business,E,A,0.8,0.7675815545123423,0.8,66
336,business,E,D,0.65,0.9424309354401329,0.8,539
337,business,D,D,0.95,0.9405493320558483,0.95,164
338,business,B,J,0.0,0.8913657491009982,0.0,762
339,business,A,B,0.92,0.8953041640864229,0.7,112
340,business,B,B,1.0,0.8659904876725436,0.8,87
341,business,F,C,0.95,0.8522135172870144,0.8,275
342,business,A,A,0.9,0.8148081741371634,0.8,82
343,business,F,H,0.9,0.8447844150278551,0.9,106
344,business,F,E,0.99,0.8068352883697011,0.99,154
345,business,E,E,1.0,0.9160710051985109,1.0,75
346,business,G,B,0.95,0.9013971590632857,0.0,155
347,business,E,B,1.0,0.7497460311882516,1.0,95
348,business,I,C,0.9,0.8381088904108349,0.0,58
349,business,G,B,0.85,0.8284222011226293,0.85,217
350,business,E,E,1.0,0.8598704593462329,1.0,260
351,business,C,C,0.9,0.885531928656071,1.0,261
352,business,I,A,1.0,0.9125758520832332,1.0,42
353,business,I,C,0.8,0.8086559963119379,0.4,104
354,business,B,C,1.0,0.865623230874394,0.9,79
355,business,A,E,0.99,0.8423551957769411,0.8,125
356,business,H,B,0.98,0.8559298612865108,0.9,157
357,business,C,C,1.0,0.9417933028773011,1.0,79
358,business,C,A,0.9,0.9328018548298107,0.0,88
359,business,J,E,1.0,0.8363614960765158,0.7,62
360,business,G,G,0.95,0.7844361838275551,0.95,91
361,business,I,F,0.95,0.8253691636490665,0.95,51
362,business,B,B,1.0,0.8712189334830054,1.0,49
363,business,C,C,1.0,0.7272361120499223,0.9,78
364,business,D,D,0.9,0.8029445656181285,0.9,61
365,business,C,C,0.85,0.6471782930638487,0.85,205
366,business,D,C,0.95,0.7351646700398576,0.6,68
367,business,A,D,0.95,0.6471056029471426,0.95,175
368,business,C,C,0.9,0.7607857188271698,0.9,95
369,business,F,F,0.95,0.8645025356215071,0.95,50
370,business,I,H,0.95,0.9070617747058536,0.0,71
371,business,A,E,0.85,0.7920646423700903,0.85,161
372,business,G,J,0.85,0.9167069181600258,0.0,289
373,business,H,H,0.9,0.9123537179386146,0.9,222
374,business,A,A,0.95,0.925617354161328,0.95,144
375,business,D,E,0.95,0.7761446924770542,0.95,195
376,business,H,I,0.92,0.8736750142561234,0.9,150
377,business,C,D,1.0,0.811058042550657,0.9,118
378,business,B,E,0.9,0.889485068173462,0.7,153
379,business,B,G,0.95,0.9061618645202519,0.95,119
380,business,A,A,0.95,0.9051163546968015,0.95,108
381,business,G,G,1.0,0.9591829292222129,1.0,72
382,business,E,A,1.0,0.7937185768706234,0.0,129
383,business,E,B,0.95,0.8432863649648746,0.95,81
384,business,I,G,1.0,0.7767152803898303,0.0,61
385,business,F,E,0.8,0.881809699744157,0.4,84
386,business,I,B,1.0,0.8528859596924777,0.8,92
387,business,F,B,0.85,0.8706846104845789,0.0,106
388,business,A,A,0.8,0.8189445120973864,0.9,94
389,business,I,F,0.0,0.8067255385025983,0.0,327
390,business,E,E,1.0,0.9036738146807364,1.0,85
391,business,G,H,0.85,0.7457456118926626,0.6,108
392,business,C,,0.95,0.8222036033335975,0.0,134
393,business,D,E,0.95,0.8814576729512015,0.95,91
394,business,C,H,0.9,0.8489006913643505,1.0,132
395,business,H,D,0.0,0.8952658891143009,0.0,91
396,business,B,G,0.95,0.8706218234062999,0.95,206
397,business,F,G,0.9,0.8750426153169514,0.8,174
398,business,I,J,0.65,0.7443520135113604,0.65,349
399,business,D,,0.0,0.868662075783567,0.0,467
400,business,A,G,1.0,0.9035356453697628,0.7,78
401,business,G,C,0.85,0.8682961546957391,0.85,65
402,business,H,H,0.9,0.877011680659126,0.9,109
403,business,H,A,0.95,0.8832461777115517,0.31666666666666665,108
404,business,A,B,1.0,0.8391664005195869,1.0,257
405,business,B,,0.9,0.8206216871206976,0.9,308
406,business,E,E,0.95,0.8334891680960567,0.95,116
407,business,F,D,0.9,0.8399498230103303,0.0,217
408,business,C,B,0.95,0.8819767778649854,0.0,110
409,business,D,D,0.95,0.9162784609999655,0.95,190
410,business,C,,0.5,0.8417497798860127,0.8,233
411,business,E,D,0.95,0.873530297975225,0.95,64
412,business,E,E,0.85,0.8571409160162529,0.0,232
413,business,H,B,0.95,0.9346898319347807,0.0,89
414,business,D,C,0.95,0.9070687207573912,0.95,326
415,business,C,C,0.95,0.8489035159760888,0.95,117
416,business,H,D,0.95,0.8545824277118993,0.95,152
417,business,B,E,0.95,0.9144832977606512,0.4,199
418,business,A,A,0.9,0.9125790713515002,1.0,87
419,business,C,I,0.92,0.811423623737024,0.7,301
420,business,H,A,0.9,0.8744914437194576,0.0,49
421,business,B,D,0.85,0.7320096534187654,0.85,67
422,business,A,E,0.9,0.7930162979772943,0.8,115
423,business,C,H,0.9,0.7128749801399897,0.9,65
424,business,J,C,0.9,0.7885511805063855,0.9,237
425,business,F,F,0.95,0.8129144161281826,0.95,55
426,business,C,A,0.95,0.7867372733976856,0.95,149
427,business,E,E,0.85,0.8661432229797105,0.85,62
428,business,C,D,0.9,0.7071382793687491,0.9,103
429,business,C,A,0.95,0.7410991245746407,0.95,126
430,business,G,G,0.9,0.7236339735513978,0.9,60
431,business,D,F,0.95,0.7962309969907463,0.95,69
432,business,I,G,1.0,0.9146238985025149,0.95,55
433,business,F,J,0.9,0.870906694771636,0.9,189
434,business,A,B,1.0,0.9182749613351124,0.0,67
435,business,E,E,0.7,0.8102342382306913,0.0,345
436,business,J,B,0.95,0.865011838686039,0.8,140
437,business,E,E,0.95,0.9280195186464156,1.0,131
438,business,B,B,0.95,0.8502016755721199,1.0,139
439,business,H,A,1.0,0.9132473413394605,1.0,67
440,business,B,E,0.9,0.8468869687790154,0.9,705
441,business,E,E,0.95,0.8575477330556617,0.95,299
442,business,B,B,1.0,0.9599700679854409,1.0,112
443,business,J,C,1.0,0.9084447962205576,0.0,41
444,business,C,A,0.9,0.6244143123351955,0.4,128
445,business,G,G,0.95,0.884865782267853,0.95,67
446,business,J,E,0.95,0.9196837957686621,0.6,72
447,business,G,G,1.0,0.9030618521849472,1.0,139
448,business,I,B,0.9,0.8977915676122654,0.8,73
449,business,G,G,0.95,0.9132699303916003,0.95,123
450,business,D,D,1.0,0.8293908539267767,0.95,94
451,business,H,D,0.95,0.8706045625176658,0.0,416
452,business,D,,0.85,0.9229260074073619,0.7,163
453,business,A,A,1.0,0.9213953598468438,0.9,61
454,business,J,J,1.0,0.8682936070771576,0.0,137
455,business,B,B,0.8,0.9328811855502115,1.0,42
456,business,G,D,0.95,0.893494801375403,0.9499999999999998,110
457,business,B,B,0.92,0.8795112352666639,0.9,119
458,business,J,E,0.8,0.8891842100571217,0.8,108
459,business,I,B,0.95,0.829036472873022,0.4,180
460,business,I,C,0.95,0.8655585463032247,0.95,115
461,business,H,H,0.85,0.8864225292635916,0.85,72
462,business,A,A,1.0,0.8920210085937128,1.0,225
463,business,I,D,0.95,0.7987163423459527,0.95,52
464,business,B,H,0.9,0.7969976807701833,0.8,123
465,business,F,B,1.0,0.910887532669892,1.0,178
466,business,A,H,0.95,0.9176171491211829,0.4,129
467,business,J,H,1.0,0.9085225600638548,0.0,210
468,business,E,J,0.8,0.8661840010926588,0.0,146
469,business,G,E,1.0,0.8713163552075278,1.0,126
470,business,I,I,1.0,0.9251861459032374,1.0,68
471,business,A,C,1.0,0.9234338051531947,1.0,114
472,business,G,B,0.9,0.8699977626631219,0.9,167
473,business,G,C,0.9,0.8817675998915396,0.0,67
474,business,G,G,0.95,0.9029648511949842,0.95,192
475,business,H,E,0.95,0.8405507556626608,0.0,159
476,business,G,J,0.95,0.9268694358532266,0.0,116
477,business,J,A,0.0,0.8439369375408232,0.0,172
478,business,H,H,0.95,0.8472417791639749,0.95,161
479,business,A,B,0.95,0.8315090181126129,0.95,77
480,business,J,I,0.6,0.7441622282839241,0.4,119
481,business,G,,0.98,0.8568511468364051,0.9,272
482,business,B,C,0.95,0.8361355948194912,0.0,92
483,business,B,B,0.95,0.8933541734635483,0.8,161
484,business,C,C,1.0,0.8781365317433238,1.0,123
485,business,E,D,0.9,0.8732433608825183,0.9,262
486,business,H,H,0.95,0.8834545675145188,1.0,98
487,business,G,E,1.0,0.8415427888188438,0.0,81
488,business,D,D,1.0,0.9142143213251748,0.9,121
489,business,A,B,0.9,0.7185406279515902,0.4,204
490,business,J,J,1.0,0.9130804585450598,1.0,254
491,business,I,F,0.95,0.7544428151694577,0.95,118
492,business,J,J,0.9,0.6200229656428101,0.7,190
493,business,C,B,0.95,0.7570809220659306,0.95,69
494,business,A,E,0.9,0.6796480748405298,0.9,80
495,business,G,I,0.9,0.7754247212698964,0.8,53
496,business,D,J,0.95,0.7961838885190363,0.6,134
497,business,G,F,0.9,0.6978667639039656,0.7,72
498,business,I,I,0.95,0.8060000549563923,0.95,49
499,business,G,B,0.95,0.904826731707253,0.475,82
500,business,A,D,0.95,0.8383902143914941,0.95,107
501,business,H,H,1.0,0.8431822216168827,1.0,148
502,business,G,J,0.8,0.8211288861690371,0.8,200
503,business,D,D,0.9,0.8545234492418333,0.9,211
504,business,C,J,0.85,0.6984926258171162,0.4,427
505,business,H,H,0.95,0.8603701731615491,1.0,181
506,business,A,A,0.95,0.8240271607282692,0.95,204
507,business,G,H,0.9,0.824337504652803,0.8,71
508,business,I,I,0.95,0.9418986157294754,1.0,79
509,business,D,B,1.0,0.824696532899531,0.0,78
510,business,F,A,0.9,0.8355061129627589,0.8,86
511,business,F,I,0.85,0.9191346759573946,0.0,292
512,business,H,B,1.0,0.9305790872825143,0.0,55
513,business,D,B,0.95,0.8747663413622867,0.4,54
514,business,F,H,0.85,0.7309481731524811,0.925,263
515,business,I,I,0.99,0.9262616576136735,0.99,136
516,business,G,E,0.92,0.9250483232436046,0.9,127
517,business,G,B,0.9,0.8265222026940853,0.0,73
518,business,C,C,1.0,0.8758108454665823,1.0,84
519,business,E,B,0.95,0.889200663390673,0.8,52
520,business,D,D,1.0,0.8464246851531689,1.0,87
521,business,F,D,0.95,0.8373743613676781,0.9,197
522,business,J,J,0.85,0.8926771348195817,0.6,252
523,business,D,B,0.95,0.7685045349940292,0.7,170
524,business,F,,0.95,0.928925865545009,1.0,123
525,business,F,,0.9,0.8751285365892183,0.9,260
526,business,E,H,1.0,0.9082352387499438,0.8,130
527,business,A,H,1.0,0.8848942290578875,0.5,80
528,business,D,B,0.95,0.8577534953359622,0.95,50
529,business,D,E,0.95,0.9029700510608719,0.95,167
530,business,B,B,0.95,0.8879759601768331,0.95,183
531,business,H,D,0.95,0.7932146430225931,0.95,209
532,business,H,H,1.0,0.919120013662811,1.0,64
533,business,E,E,0.9,0.8867047535768107,0.9,124
534,business,D,D,0.95,0.8769342178815349,0.95,167
535,business,G,D,1.0,0.8854611351957339,0.4,62
536,business,G,E,0.95,0.8866911428739861,0.0,378
537,business,G,A,0.95,0.9040450567046702,0.0,61
538,business,H,H,0.98,0.935651278691819,1.0,118
539,business,B,B,0.9,0.9249215503879934,1.0,56
540,business,B,B,0.95,0.8427239706262847,0.9,94
541,business,C,G,1.0,0.8835720396480128,0.0,87
542,business,C,H,1.0,0.8826065348158983,0.0,76
543,business,F,F,0.95,0.7966725472289251,0.95,73
544,business,I,H,0.98,0.7802675464499034,0.98,64
545,business,H,H,0.9,0.7461931478911447,1.0,98
546,business,G,B,0.95,0.6966913338860012,0.95,111
547,business,D,D,0.9,0.8064675636963895,0.9,81
548,business,D,G,0.9,0.7341777505847004,0.7,96
549,business,I,B,0.9,0.7319571997112616,0.9,86
550,business,C,C,,0.7887100719902564,,81
551,business,G,J,0.9,0.7365598249905712,0.0,99
552,business,H,E,0.95,0.7276978500699246,0.0,113
553,business,B,C,0.9,0.669008180346861,0.9,199
554,business,I,I,0.95,0.6940584716961471,0.95,86
555,business,F,J,0.95,0.7829764456840376,0.0,64
556,business,E,E,0.95,0.8249811323354544,0.95,70
557,business,H,H,0.95,0.8165062403787987,0.4,65
558,business,I,D,0.95,0.7835901379208307,0.95,122
559,business,F,F,0.99,0.9423060167905015,0.99,140
560,business,E,E,0.8,0.8260562461608483,0.8,211
561,business,G,B,0.95,0.9286017743845766,0.95,114
562,business,G,C,0.95,0.835935269366832,0.0,179
563,business,B,H,0.9,0.9279178542535576,0.8,135
564,business,G,J,0.9,0.8289108952476165,0.0,102
565,business,B,B,1.0,0.935958999956534,1.0,86
566,business,C,B,0.8,0.8182651907263487,0.0,102
567,business,F,F,1.0,0.9417983122942724,1.0,248
568,business,F,E,0.97,0.7841332412119106,0.0,68
569,business,D,I,0.7,0.7231186655695323,0.3,80
570,business,B,B,0.9,0.891358720947463,0.0,106
571,business,B,C,1.0,0.8372116207104574,0.0,93
572,business,I,A,0.9,0.8382865229100405,1.0,98
573,business,D,D,0.5,0.8487073416950279,0.0,182
574,business,B,,,0.8797116760247135,,501
575,business,I,E,0.95,0.9174505192673169,0.8,207
576,business,E,E,1.0,0.809643714957912,1.0,225
577,business,E,G,0.95,0.880455124369178,0.95,112
578,business,A,A,1.0,0.9355972261537323,1.0,127
579,business,F,E,0.95,0.8493822159559912,0.0,105
580,business,H,D,0.95,0.8556186295788845,0.95,62
581,business,E,C,0.95,0.7866940271247006,0.95,116
582,business,J,B,1.0,0.8962610560607637,0.8,71
583,business,I,I,0.95,0.6725403126141496,0.95,297
584,business,D,G,0.95,0.8558401281858616,0.95,100
585,business,F,C,1.0,0.8359323571876597,0.0,97
586,business,B,B,1.0,0.9175184836160731,0.9666666666666667,53
587,business,A,G,1.0,0.8906379989722208,1.0,76
588,business,D,H,0.95,0.8854411878648281,1.0,123
589,business,C,C,0.9,0.8172935039801384,0.9,288
590,business,B,B,0.95,0.8997336245609795,0.95,150
591,business,J,J,0.97,0.8371207491416418,0.95,66
592,business,A,A,0.95,0.8982456294418847,0.95,291
593,business,I,I,0.95,0.9392711665099884,0.95,132
594,business,F,B,0.85,0.8283937043519718,0.4,266
595,business,D,H,0.95,0.9256813977758684,0.7,187
596,business,D,E,0.1,0.8572971292079761,0.0,158
597,business,H,H,0.98,0.8939995090504086,0.95,114
598,business,D,H,0.95,0.8510715837715738,0.95,71
599,business,G,G,0.95,0.8170335693303952,0.95,71
600,business,A,G,0.95,0.8447737796199297,0.95,63
601,business,H,C,0.95,0.7894417127023088,0.95,63
602,business,D,B,0.9,0.7171299976723898,0.8,122
603,business,A,J,0.95,0.8629353447638642,0.95,102
604,business,I,B,0.95,0.8877013230764468,0.8,450
605,business,J,J,1.0,0.7981462115995568,1.0,156
606,business,A,A,1.0,0.7921768376856487,0.9,82
607,business,F,F,0.95,0.6775860822825661,0.95,159
608,business,D,B,1.0,0.8270382861349177,1.0,55
609,business,B,B,0.95,0.8148788423284546,0.95,69
610,business,C,C,0.9,0.6906210336170407,0.9,207
611,business,C,D,0.9,0.6711059156285989,0.9,219
612,business,C,D,0.95,0.7906470448575749,0.95,63
613,business,B,B,0.95,0.8098326263940042,0.95,118
614,business,F,F,0.95,0.7336023607940646,0.7,82
615,business,E,E,0.9,0.8065957529477158,0.9,96
616,business,H,J,0.9,0.8189341948503498,0.9,94
617,business,A,H,0.85,0.7840943785956601,0.8,99
618,business,A,A,0.95,0.9450385067094124,1.0,143
619,business,E,E,1.0,0.9388610178683584,1.0,256
620,business,I,G,0.95,0.8694364106784843,0.95,158
621,business,E,,0.9,0.7803671720354116,0.4,232
622,business,E,C,0.85,0.7730599541751539,0.85,167
623,business,B,B,1.0,0.8911743137821293,1.0,77
624,business,J,J,1.0,0.9181539339740273,0.9,144
625,business,J,F,0.95,0.8900369512712462,0.8,130
626,business,G,G,0.95,0.9516589016598672,1.0,156
627,business,G,J,0.9,0.8365340254682218,0.7,355
628,business,F,C,0.9,0.8355062166850231,0.7,101
629,business,E,E,0.98,0.853656981899309,0.9,179
630,business,E,B,1.0,0.9072529491034768,0.4,280
631,business,E,B,0.95,0.8921824019645923,0.4,68
632,business,J,,0.9,0.7595788914412192,0.8,266
633,business,B,I,0.75,0.9183790762616252,0.6,277
634,business,D,G,0.9,0.8604234625833637,0.9,115
635,business,E,E,0.95,0.9258051368229013,1.0,131
636,business,F,A,0.95,0.9062089836917986,0.9,89
637,business,E,I,0.2,0.7566441516479682,0.0,256
638,business,G,G,1.0,0.8451241820139895,1.0,205
639,business,C,G,0.95,0.8374383333068213,0.0,99
640,business,H,H,0.8,0.6969737252937591,0.8,210
641,business,B,B,1.0,0.8838819897970094,1.0,196
642,business,D,H,1.0,0.8979370621824129,0.9,285
643,business,E,H,0.97,0.8432815128279998,0.97,66
644,business,F,A,1.0,0.8609884102408109,1.0,62
645,business,G,H,1.0,0.8968475733854941,0.3,136
646,business,H,G,0.95,0.8208482284549291,0.0,160
647,business,D,J,0.85,0.8431819807243869,0.7,220
648,business,H,H,0.98,0.9505344913899575,1.0,100
649,business,D,E,0.75,0.9050986842094526,0.0,254
650,business,A,A,0.9,0.855854640067156,0.7,222
651,business,J,C,0.98,0.854053152784853,0.0,178
652,business,H,D,1.0,0.9197722172430683,0.65,38
653,business,B,D,0.9,0.8859114435669028,0.0,80
654,business,D,B,0.95,0.8957296838758032,0.9,84
655,business,A,A,1.0,0.9340546259241278,0.9,155
656,business,G,J,0.95,0.8456645229794009,0.0,256
657,business,F,J,0.9,0.8515955639787854,0.7,313
658,business,B,J,0.95,0.8904629706394575,0.6,232
659,business,G,G,0.98,0.9133248864921597,0.98,135
660,business,F,J,0.92,0.8101558951524879,0.9,111
661,business,C,B,0.9,0.855185249095558,0.0,247
662,business,F,,1.0,0.8852578394681411,0.7,67
663,business,J,J,1.0,0.9269730150213658,1.0,142
664,business,D,D,0.9,0.9020547359400536,1.0,66
665,business,C,C,0.9,0.8915652947700995,0.9,152
666,business,E,H,0.9,0.8411869761478967,0.0,112
667,business,E,D,1.0,0.9139621605483108,0.0,91
668,business,A,J,0.9,0.9332978435304559,0.9,105
669,business,F,F,0.98,0.8751450840328046,0.95,102
670,business,C,B,0.9,0.867408301550474,0.9,139
671,business,H,H,1.0,0.9384755902700688,1.0,122
672,business,D,C,0.9,0.8074546899276585,0.9,196
673,business,D,D,1.0,0.922042403010844,1.0,60
674,business,D,D,1.0,0.9274133659849448,1.0,184
675,business,F,F,1.0,0.9505449368910764,1.0,48
676,business,H,J,0.95,0.7862089752341552,0.0,52
677,business,D,D,1.0,0.9031209944643629,1.0,47
678,business,F,D,0.9,0.7879125219721204,0.9,54
679,business,C,C,0.9,0.8155004614026196,0.9,75
680,business,F,B,0.9,0.7735212902531671,0.9,254
681,business,D,D,0.9,0.7660680121348209,0.9,163
682,business,C,D,0.9,0.7892829122367744,0.9,83
683,business,D,B,0.9,0.8040186656452246,0.9,55
684,business,A,A,1.0,0.8242729493654869,1.0,48
685,business,F,I,0.95,0.8480055871867441,0.95,133
686,business,D,B,0.9,0.703120060997946,0.7,79
687,business,G,A,0.95,0.7130184481177558,0.95,139
688,business,F,A,0.9,0.6903503175677473,0.9,80
689,business,A,A,0.95,0.8227114056082493,0.95,55
690,business,F,C,0.9,0.7651051088159213,0.9,91
691,business,B,H,0.95,0.9243542996350543,0.8,107
692,business,J,B,0.9,0.8725461347522178,0.0,66
693,business,A,J,0.95,0.8507140628081601,0.95,223
694,business,G,E,0.95,0.8540047514731215,0.95,362
695,business,G,I,0.95,0.8346377097202693,0.95,108
696,business,J,B,0.95,0.8332547249520282,0.4,159
697,business,A,D,1.0,0.8580804194487994,0.7,198
698,business,I,I,1.0,0.9433069980254623,1.0,205
699,business,E,I,0.9,0.8123079483260912,0.0,67
700,business,J,B,0.95,0.9122284654506715,0.95,35
701,business,C,A,0.95,0.8109104989584394,0.95,239
702,business,A,B,0.9,0.8386520562974775,0.9,96
703,business,E,E,1.0,0.8996775041684566,1.0,268
704,business,B,H,0.95,0.8972363536831146,0.95,61
705,business,G,G,1.0,0.9390268544648314,1.0,65
706,business,H,C,0.95,0.7907364445541578,0.0,129
707,business,J,B,0.9,0.7138255164963297,0.9,120
708,business,A,A,0.95,0.8031412689630832,0.95,73
709,business,B,J,0.0,0.8810609843036319,0.0,194
710,business,E,,1.0,0.9114486231656208,1.0,344
711,business,J,H,0.95,0.9551111498984983,0.95,43
712,business,F,I,0.95,0.7993006555316471,0.95,146
713,business,C,G,0.95,0.8865147706350209,0.95,78
714,business,J,I,0.98,0.9333190392412728,0.98,393
715,business,J,A,1.0,0.8895284097726164,0.0,89
716,business,C,H,1.0,0.8904137465785136,0.0,116
717,business,D,A,0.9,0.8226598946417361,0.7,127
718,business,D,F,0.9,0.8603540273036396,0.7,192
719,business,A,A,1.0,0.9231059624509013,1.0,106
720,business,C,A,0.95,0.9437511657804469,0.0,61
721,business,E,A,1.0,0.9163759650035022,1.0,50
722,business,J,H,0.95,0.834068132972053,0.9,239
723,business,G,E,0.95,0.7823671028798308,0.95,349
724,business,B,A,0.9,0.8812034576919638,1.0,175
725,business,I,I,1.0,0.9341258899453632,1.0,90
726,business,B,H,0.95,0.8533808477092547,0.7,103
727,business,J,A,1.0,0.8372351803899885,0.4,494
728,business,B,H,0.95,0.8881570691815882,0.9,109
729,business,J,D,1.0,0.8674469023648714,0.0,69
730,business,B,A,0.95,0.8782880724223193,0.8,178
731,business,G,F,1.0,0.7999795166249486,0.9,96
732,business,G,G,0.95,0.8824524910213792,0.95,118
733,business,C,C,0.9,0.7895445878989938,1.0,120
734,business,D,D,0.9,0.8771779447004746,0.9,164
735,business,I,B,0.95,0.8941865763825945,0.95,83
736,business,G,B,0.95,0.8863243432673824,1.0,64
737,business,I,B,1.0,0.9073096524719662,0.4,57
738,business,D,A,0.8,0.6535461699146415,0.8,92
739,business,F,H,0.8,0.8727854009740639,0.8,43
740,business,F,,1.0,0.8955618995077251,0.0,317
741,business,E,E,0.95,0.9303263351218068,0.95,118
742,business,A,,1.0,0.8837637129769477,1.0,68
743,business,C,,1.0,0.8841271363857539,1.0,69
744,business,I,H,0.95,0.8482321086098339,0.0,68
745,business,D,I,0.5,0.774181782901772,0.0,127
746,business,B,D,0.95,0.7652597584702497,0.8,93
747,business,B,H,0.95,0.7304463753393702,0.6,142
748,business,A,A,0.85,0.8866783857007937,0.85,70
749,business,G,D,0.95,0.742322331175208,0.95,128
750,business,E,A,0.9,0.7479612706918845,0.7,94
751,business,B,I,0.95,0.762585649328068,0.95,62
752,business,G,J,0.95,0.8355063459038602,0.95,52
753,business,H,H,0.95,0.7367477266969399,0.95,107
754,business,B,J,1.0,0.8159775691011223,0.4,53
755,business,F,B,1.0,0.8432812507271275,0.0,120
756,business,H,D,1.0,0.9030637358778473,0.95,133
757,business,I,I,1.0,0.9112313099625196,1.0,135
758,business,J,J,1.0,0.9116209141942587,1.0,113
759,business,E,E,0.95,0.8082020534760518,0.95,84
760,business,G,A,0.95,0.8938898233105246,0.0,52
761,business,E,D,0.9,0.840736415564849,0.0,88
762,business,F,B,0.7,0.7307167321730522,0.4,129
763,business,B,A,1.0,0.883599844868047,0.9,166
764,business,E,D,1.0,0.8715908005967719,0.0,93
765,business,A,A,0.9,0.922234126415365,1.0,51
766,business,G,H,0.95,0.8060279281843491,0.4,71
767,business,I,G,0.99,0.9180739584258768,0.7,133
768,business,C,B,0.95,0.8774061157588535,0.0,80
769,business,B,B,0.95,0.9224588107169808,0.95,100
770,business,J,A,0.9,0.9067617775110138,0.9,126
771,business,H,D,0.95,0.8701101742207433,0.0,172
772,business,B,,1.0,0.7255850895596523,1.0,208
773,business,G,D,0.95,0.8400138904511917,0.95,278
774,business,A,I,0.95,0.9130778752038813,0.95,183
775,business,D,D,0.8,0.7921377043763994,0.9,89
776,business,I,I,1.0,0.9224274409130234,1.0,151
777,business,A,D,0.9,0.9050551121393996,0.0,52
778,business,I,J,0.98,0.934088638391201,0.6,573
779,business,I,B,0.9,0.8571181354648032,0.8,175
780,business,I,C,0.9,0.8742481763349439,0.4,451
781,business,D,I,1.0,0.9118352993631367,1.0,222
782,business,I,I,1.0,0.938333843046775,1.0,73
783,business,I,G,0.95,0.8197202812231431,0.4,262
784,business,H,C,0.9,0.7848053664443742,0.9,100
785,business,A,C,0.6,0.9026810202921071,0.0,137
786,business,D,A,1.0,0.8517567509802342,0.4,490
787,business,C,A,0.95,0.8244609500239085,0.8,99
788,business,J,J,1.0,0.9472473389553276,1.0,87
789,law,D,E,0.95,0.6915775163213628,0.95,161
790,law,B,E,0.95,0.7216648352997582,0.95,96
791,law,F,D,0.9,0.7275592308413922,0.9,83
792,law,A,H,0.8,0.8431735683426893,0.9,94
793,law,E,H,0.95,0.7723161110957387,0.95,109
794,law,C,B,0.9,0.79551080456107,0.7,67
795,law,G,H,0.95,0.6997186153214239,0.4,186
796,law,E,H,0.8,0.6535029161511503,0.6,130
797,law,A,J,0.9,0.7080843251115078,0.9,222
798,law,J,G,0.9,0.8480292087333605,0.9,65
799,law,I,I,0.8,0.8220912679219216,0.9,74
800,law,I,B,0.95,0.7649925739584993,0.95,61
801,law,H,D,0.8,0.646139490885502,0.0,873
802,law,A,I,0.95,0.7882709121340558,0.95,94
803,law,D,D,0.8,0.878745876693894,0.9,90
804,law,C,C,0.9,0.6682407313939627,0.7,117
805,law,G,A,0.8,0.7136923245129265,0.8,150
806,law,B,F,0.85,0.811837140080791,0.8,61
807,law,B,A,0.9,0.7389830815169773,0.9,67
808,law,C,B,0.85,0.7448639246095896,0.85,67
809,law,A,A,0.9,0.7970426917246678,0.9,72
810,law,A,D,0.95,0.8618714312242719,0.95,51
811,law,A,C,0.9,0.6914696776773136,0.9,86
812,law,C,J,0.95,0.7944346876073393,0.95,66
813,law,G,C,0.9,0.7539759156953864,0.9,89
814,law,C,C,0.8,0.7767327642671082,0.9,99
815,law,F,F,0.9,0.7919152824032727,0.9,59
816,law,G,G,0.95,0.7315738795029636,0.95,119
817,law,H,H,0.9,0.7627535711123533,0.9,158
818,law,H,H,0.9,0.7122005929925608,0.9,106
819,law,G,B,0.9,0.6892217913608605,0.9,113
820,law,G,B,0.8,0.7883614225499691,0.4,82
821,law,C,B,0.85,0.790491476099361,0.85,90
822,law,G,D,0.9,0.7429277034534664,0.8,80
823,law,A,A,0.9,0.7570777150351055,0.9,119
824,law,G,I,0.9,0.7336999733511999,0.7,104
825,law,I,I,0.95,0.7552249044248127,0.95,95
826,law,B,D,0.95,0.7187207151326385,0.95,136
827,law,A,A,0.85,0.8103336935429136,0.7,62
828,law,A,A,0.9,0.7218732865942612,0.8,80
829,law,G,D,0.95,0.7939826555319176,0.7,61
830,law,J,B,0.8,0.7580656182804485,0.9,75
831,law,B,D,0.85,0.7182924808993945,0.85,140
832,law,B,F,0.85,0.7408089968530187,0.85,154
833,law,B,B,0.75,0.8087486434116525,0.75,85
834,law,E,H,0.85,0.752364757885954,0.85,119
835,law,B,D,0.85,0.8129252940901875,0.85,100
836,law,E,D,0.85,0.701718577794928,0.6,140
837,law,F,C,0.9,0.7768994245686274,0.9,136
838,law,G,C,0.95,0.7559899901839814,0.7,101
839,law,H,H,0.9,0.7052263457476237,0.9,140
840,law,I,B,0.9,0.8102216673658426,0.9,143
841,law,J,H,0.8,0.7304307507764163,0.8,86
842,law,E,E,0.95,0.7892327382370274,0.95,127
843,law,H,J,0.95,0.8495887328118509,0.95,109
844,law,F,F,0.8,0.7035966116621728,0.9,145
845,law,D,D,0.9,0.7566992768706021,0.9,176
846,law,F,D,0.9,0.780506761575299,0.9,99
847,law,J,J,0.8,0.7582873182546421,0.8,126
848,law,J,H,0.85,0.7090155294934578,0.85,140
849,law,H,H,0.85,0.8040604944047363,0.95,57
850,law,E,E,0.95,0.8334436503944903,0.95,78
851,law,B,A,0.9,0.7666938365731661,0.9,97
852,law,B,A,0.75,0.7192550108853446,0.8,115
853,law,E,E,0.9,0.8024154765313338,0.7,133
854,law,B,B,0.95,0.7690397279886815,0.95,94
855,law,E,D,0.9,0.7514967817558043,0.4,118
856,law,H,G,0.95,0.7965343982660849,0.95,96
857,law,G,D,0.8,0.8200627703040921,0.8,57
858,law,D,D,0.85,0.7186433091599197,0.6,162
859,law,D,I,0.7,0.7079057178849263,0.7,158
860,law,D,D,0.8,0.7347919650470006,0.9,83
861,law,F,E,0.9,0.7992407146570996,0.9,88
862,law,G,G,0.9,0.7954221845099327,0.9,103
863,law,D,D,0.75,0.7554099801388395,0.8,111
864,law,F,D,0.9,0.7974957323055137,0.9,93
865,law,F,D,0.9,0.7201339692498885,0.8,100
866,law,F,D,0.9,0.8099239101204615,0.8,97
867,law,D,D,0.9,0.7276304542760775,0.7,95
868,law,F,D,0.95,0.8083672066799606,0.0,44
869,law,B,C,0.6,0.6840128021648326,0.4,137
870,law,G,G,0.85,0.6793184823672672,0.85,153
871,law,F,A,0.9,0.7966391180848397,0.9,113
872,law,E,E,0.9,0.7866321248977078,0.9,80
873,law,G,G,0.9,0.7240518998808838,0.9,129
874,law,A,A,0.9,0.7993190998472876,0.9,87
875,law,D,A,0.9,0.7327822688844191,0.8,80
876,law,C,I,0.95,0.7480894346964907,0.95,183
877,law,E,G,0.85,0.7987591307048254,0.85,154
878,law,A,A,0.9,0.8239777623267623,0.9,100
879,law,A,A,0.9,0.731282715507634,0.9,98
880,law,G,G,0.3,0.8068695365898381,0.7,61
881,law,J,J,0.95,0.7967879534770778,0.95,71
882,law,A,A,0.9,0.7746603006749907,0.9,67
883,law,G,H,0.95,0.7876546808620865,0.0,99
884,law,A,H,0.9,0.7811986999269767,0.0,55
885,law,G,C,0.8,0.7751919173700413,0.8,92
886,law,E,C,0.95,0.8450794368941955,0.0,83
887,law,H,A,0.8,0.7189268875424574,0.8,136
888,law,F,H,0.85,0.6210529737578954,0.85,190
889,law,D,D,0.95,0.7160038563216032,0.9,157
890,law,F,B,0.9,0.7524866718854403,0.9,68
891,law,H,H,0.9,0.6823240622519827,0.9,141
892,law,I,J,0.85,0.7092898513484563,0.7,186
893,law,A,D,0.9,0.8297305326821044,0.7,103
894,law,C,B,1.0,0.8040244441258347,1.0,52
895,law,F,D,0.95,0.7855868600081428,0.95,94
896,law,H,D,0.9,0.8354501806605782,0.9,69
897,law,G,E,0.7,0.7747527516524186,0.7,117
898,law,D,C,0.8,0.7151318557685882,0.8,372
899,law,E,H,0.9,0.7780631998743694,0.9,76
900,law,C,D,0.85,0.7706957044002403,0.8,63
901,law,A,D,0.9,0.7723973436485739,0.7,150
902,law,C,C,0.9,0.7705825272827926,0.9,75
903,law,A,D,0.9,0.7960394358224278,0.9,87
904,law,I,I,0.9,0.7252335343564823,0.9,70
905,law,G,C,0.9,0.6623378508357665,0.9,212
906,law,G,D,0.85,0.7605967896213286,0.85,102
907,law,B,F,0.8,0.7456384141246126,0.8,90
908,law,G,G,0.9,0.7719802436645085,0.7,79
909,law,B,J,0.95,0.7835224361452283,0.95,90
910,law,B,H,0.9,0.707446298678268,0.6,110
911,law,H,A,0.9,0.7877645215164428,0.9,161
912,law,G,D,0.9,0.7639670427317903,0.4,205
913,law,E,E,0.9,0.8612210341249823,0.9,74
914,law,H,B,0.9,0.7998678832990507,0.9,109
915,law,B,B,0.9,0.7779301684016091,0.4,134
916,law,H,A,0.75,0.7380222913634116,0.6,289
917,law,F,C,0.9,0.7883161066441577,0.8,99
918,law,I,I,0.9,0.6913360011995857,0.9,184
919,law,B,C,0.95,0.7875899163001102,1.0,110
920,law,A,I,0.9,0.7763343837449611,0.9,102
921,law,A,J,0.95,0.7723632871991027,0.95,96
922,law,C,D,0.85,0.7232156273479202,0.4,99
923,law,E,G,0.9,0.7982807075439865,0.8,99
924,law,C,B,0.9,0.8195332356271698,0.9,96
925,law,F,H,0.95,0.7457927367195777,0.95,84
926,law,D,J,0.65,0.740484551576705,0.65,100
927,law,H,C,0.9,0.7816510635610513,0.9,80
928,law,A,F,0.95,0.726819540916153,0.95,67
929,law,J,D,0.95,0.8128892588802168,0.95,122
930,law,B,D,0.9,0.7360833110675075,0.9,122
931,law,E,C,0.85,0.7942094875253133,0.7,66
932,law,E,E,0.95,0.6967988454074147,0.9,215
933,law,I,G,0.9,0.7734994683723273,0.4,174
934,law,I,C,0.9,0.8009710162241142,0.9,97
935,law,F,I,0.9,0.7570859242953877,0.4,82
936,law,F,C,0.95,0.7799255682409721,0.95,81
937,law,H,D,0.8,0.7736632648535057,0.8,77
938,law,B,B,1.0,0.8998666700029354,0.9,35
939,law,B,B,0.85,0.7362551321573491,0.85,92
940,law,A,G,0.95,0.6398441599953726,0.95,140
941,law,G,G,0.65,0.7315476295031651,0.7,106
942,law,E,E,0.85,0.6843328759457519,0.85,130
943,law,G,H,0.5,0.6935571084890203,0.8,204
944,law,D,E,0.9,0.7152257898794816,0.8,184
945,law,D,D,0.85,0.8056003813029058,0.85,70
946,law,H,E,0.9,0.7602414332966456,0.7,81
947,law,A,A,0.8,0.8087654384201773,0.8,164
948,law,B,B,0.95,0.8467066358008635,0.95,81
949,law,G,G,1.0,0.8155897052097592,1.0,120
950,law,D,D,0.95,0.737496975868134,0.95,82
951,law,E,I,0.9,0.7232458982823979,0.8,216
952,law,D,B,0.8,0.7469270535311864,0.8,92
953,law,H,E,0.95,0.6175673424749274,0.7,196
954,law,D,D,0.95,0.761554670696901,0.7,97
955,law,A,A,0.9,0.8251148605446887,0.9,92
956,law,B,J,0.85,0.7775081584752261,0.85,100
957,law,H,H,0.95,0.7828541186162586,0.0,72
958,law,B,E,0.9,0.7514279624573535,0.9,163
959,law,B,C,0.85,0.816162041463537,0.85,109
960,law,I,E,0.5,0.7379914432899206,0.5,101
961,law,I,A,0.9,0.7487088401819745,0.9,99
962,law,E,C,0.85,0.7163682250385431,0.85,110
963,law,G,B,0.7,0.7874913375420947,0.7,70
964,law,B,A,0.95,0.785990359881678,0.95,69
965,law,E,G,0.9,0.7613381936093728,0.9,71
966,law,C,A,0.85,0.8257458057406449,0.85,38
967,law,C,J,0.7,0.6474793157999182,0.7,114
968,law,C,E,0.85,0.7717651046955301,0.85,91
969,law,B,B,0.95,0.7260102221226562,0.95,73
970,law,A,H,0.85,0.7316976372118655,0.85,103
971,law,D,D,0.8,0.7805534259352537,0.8,58
972,law,A,G,0.9,0.7511619938372501,0.8,110
973,law,B,B,0.9,0.7707908592025897,0.8,119
974,law,A,C,0.85,0.7387542602582202,0.85,110
975,law,C,B,0.7,0.8187556209134477,0.7,63
976,law,E,E,0.9,0.7771364267123604,0.9,217
977,law,G,H,1.0,0.8461459618629673,1.0,80
978,law,I,D,0.8,0.846277719352468,0.4,63
979,law,B,A,0.95,0.7147943280711747,0.95,119
980,law,G,C,0.95,0.7912032346043243,0.95,109
981,law,F,B,0.95,0.8297302379317127,1.0,70
982,law,A,F,0.92,0.7620998287136236,0.92,312
983,law,A,C,0.9,0.859352557066427,0.7,131
984,law,A,I,0.95,0.7722876283154877,0.8,84
985,law,F,G,0.95,0.8231674153204206,0.95,106
986,law,I,A,0.95,0.7803952258628075,0.7,82
987,law,J,F,0.9,0.6861752971016025,0.7,380
988,law,B,B,0.95,0.7820971077729015,0.95,48
989,law,F,F,0.85,0.7322128888220031,0.6,103
990,law,E,E,0.85,0.7976370135348521,0.9,173
991,law,A,G,0.9,0.7444584411882876,0.9,76
992,law,F,J,0.9,0.7280105752216195,0.9,105
993,law,F,H,0.85,0.8235616105228609,0.85,40
994,law,J,J,0.85,0.7647947561177485,0.6,77
995,law,E,E,0.8,0.7799455983637904,0.8,144
996,law,D,G,0.9,0.7529131931540162,0.9,100
997,law,I,C,0.95,0.7705626725136046,0.95,135
998,law,B,C,0.9,0.804254233868819,0.9,82
999,law,I,G,0.8,0.7465906128166869,0.8,110
1000,law,B,B,0.9,0.8728803626915272,0.9,47
1001,law,B,B,0.9,0.8217308445159329,0.9,78
1002,law,D,B,0.85,0.729821477885223,0.85,158
1003,law,A,A,0.9,0.7674640424045304,0.9,129
1004,law,J,H,0.75,0.7421328789280502,0.7,85
1005,law,I,B,0.75,0.8072449858827896,0.9,87
1006,law,C,G,0.9,0.7646387588340452,0.9,80
1007,law,C,E,0.8,0.6912575256063747,0.8,126
1008,law,B,G,0.95,0.7648800256659135,0.95,70
1009,law,D,A,0.8,0.6240842440258911,0.8,189
1010,law,A,A,0.95,0.7668071446871388,0.95,125
1011,law,A,I,0.9,0.7171381092398537,0.4,101
1012,law,G,F,0.9,0.775835473425679,0.9,97
1013,law,F,F,0.85,0.8330766443028548,1.0,60
1014,law,A,J,0.9,0.7779320414584355,0.9,92
1015,law,D,J,0.8,0.6835081360982861,0.4,193
1016,law,A,J,0.95,0.755396613571504,0.95,103
1017,law,A,C,0.9,0.7526594148904743,0.9,83
1018,law,I,J,0.95,0.741341813795142,0.95,99
1019,law,D,E,0.95,0.6784477216305244,0.95,128
1020,law,E,E,0.95,0.7843257325024359,0.9,148
1021,law,H,C,0.8,0.7162864586566837,0.8,195
1022,law,G,J,0.95,0.8606960817230996,0.95,68
1023,law,H,A,1.0,0.7262916898388245,1.0,127
1024,law,B,C,0.8,0.7432986590288304,0.8,93
1025,law,C,C,0.9,0.757883702966805,0.4,132
1026,law,E,B,0.9,0.7508091619015242,0.4,182
1027,law,G,D,0.85,0.7227908374834647,0.85,109
1028,law,G,G,0.8,0.7640100718975573,0.7,115
1029,law,I,I,0.95,0.7624370809821516,0.8,179
1030,law,A,I,0.9,0.7839181259920946,0.7,78
1031,law,I,B,0.75,0.8020011362154577,0.95,61
1032,law,A,B,0.95,0.89578858784745,0.0,80
1033,law,B,C,0.95,0.7180189799314842,0.95,91
1034,law,C,C,0.95,0.7311507037262238,0.8,87
1035,law,A,B,0.9,0.6965645788840427,0.8,162
1036,law,D,E,0.9,0.7733945714069671,0.9,40
1037,law,D,D,0.9,0.8616498145559248,0.9,50
1038,law,B,H,0.95,0.7282293427445212,0.95,166
1039,law,B,B,1.0,0.8893692945015887,0.95,108
1040,law,E,E,0.95,0.7388604434427384,0.95,241
1041,law,A,H,0.9,0.7165661104460697,0.9,154
1042,law,D,H,1.0,0.7765593839112033,0.8,86
1043,law,C,C,0.95,0.7437411980990586,0.95,81
1044,law,G,D,0.9,0.772351332060823,0.9,67
1045,law,C,C,0.9,0.7883605235833214,0.9,148
1046,law,E,B,0.95,0.7500764536763985,0.7,286
1047,law,D,D,0.95,0.6819710778938722,0.95,179
1048,law,D,D,0.85,0.7065153523570221,0.85,94
1049,law,A,D,0.9,0.7799137962480324,0.9,273
1050,law,C,B,0.9,0.7363844682316283,0.7,78
1051,law,F,C,0.9,0.8293775174197188,0.9,116
1052,law,C,C,0.9,0.7673229028114685,0.9,137
1053,law,G,G,0.85,0.7015060635204129,0.85,103
1054,law,B,C,0.7,0.7936845145200985,0.3,99
1055,law,H,I,0.7,0.7579178732758106,0.2,71
1056,law,C,E,0.9,0.8518908569219461,0.9,79
1057,law,C,G,0.9,0.8821151382759247,0.4,39
1058,law,I,C,0.95,0.7920068478635555,0.38,57
1059,law,B,B,0.8,0.8658211175483675,0.9,90
1060,law,C,C,0.85,0.830307604727961,0.85,63
1061,law,I,D,0.9,0.7634785834410435,0.9,88
1062,law,A,B,0.9,0.7827500583203528,0.9,66
1063,law,E,C,0.95,0.7432944798667787,0.95,107
1064,law,J,I,0.85,0.7324207023249152,0.85,109
1065,law,E,A,0.95,0.8093981873873558,0.95,83
1066,law,C,H,0.85,0.7331441055807548,0.0,87
1067,law,C,C,0.9,0.7946593889934279,0.9,100
1068,law,B,A,0.9,0.8511090371973592,0.9,48
1069,law,D,B,0.95,0.7858974008269446,0.95,88
1070,law,B,D,0.9,0.8023212001467009,0.9,65
1071,law,C,E,0.95,0.6717494691987339,0.95,134
1072,law,D,C,0.95,0.7570762399976576,0.95,105
1073,law,G,G,0.95,0.7578450639347264,0.95,62
1074,law,C,G,0.9,0.7438093628824368,0.9,444
1075,law,D,D,0.85,0.6552905202244594,0.9,268
1076,law,C,G,0.85,0.7243423065381319,0.9,156
1077,law,D,D,0.95,0.7508010318393799,0.95,190
1078,law,E,G,0.9,0.7269307478411295,0.9,136
1079,law,I,I,0.75,0.7649881661225532,0.75,282
1080,law,F,F,0.9,0.8426226688231159,0.9,79
1081,law,D,D,0.9,0.7716089410839588,0.9,114
1082,law,E,C,0.9,0.7481653493372297,0.8,149
1083,law,C,E,0.9,0.6796910983554727,0.4,185
1084,law,I,F,0.9,0.8194005119972531,0.9,47
1085,law,A,A,0.95,0.7893839730167289,0.95,87
1086,law,H,D,0.9,0.8171058440702078,0.9,96
1087,law,F,J,0.9,0.8442127938664844,0.8,144
1088,law,J,F,0.9,0.7513582633632172,0.8,77
1089,law,C,A,1.0,0.7099883145675904,0.9,157
1090,law,A,A,0.9,0.7364824354863732,0.9,113
1091,law,G,C,0.95,0.7185657761502188,0.95,81
1092,law,B,D,0.9,0.772022706608251,0.9,91
1093,law,D,D,0.85,0.8288270409980495,0.85,67
1094,law,C,G,0.9,0.7771155641404891,0.0,151
1095,law,G,A,0.95,0.7885299951697774,0.65,81
1096,law,D,F,0.95,0.822794333807702,0.9,106
1097,law,F,C,0.95,0.7854311949205728,0.95,127
1098,law,A,D,0.85,0.7193726328389739,0.85,174
1099,law,H,E,0.95,0.8099935711338921,0.95,63
1100,law,A,A,0.8,0.7967235556847321,0.8,88
1101,law,I,H,0.85,0.7613235842942313,0.8,76
1102,law,I,H,0.8,0.7344853574163213,0.8,141
1103,law,J,B,0.95,0.755000340521482,0.95,63
1104,law,F,J,0.9,0.7029798045089971,0.9,122
1105,law,B,D,0.85,0.7695743086392789,0.85,65
1106,law,E,B,0.9,0.8037070168875496,0.7,129
1107,law,E,B,0.9,0.793574073106468,0.9,86
1108,law,J,F,0.95,0.7377113904686237,0.95,88
1109,law,A,C,0.85,0.8027534752942591,0.85,111
1110,law,A,A,0.85,0.679188893339922,0.85,104
1111,law,H,C,0.9,0.7440265806317888,0.9,90
1112,law,J,E,0.6,0.6666227477879131,0.6,137
1113,law,F,G,0.9,0.7253689061111276,0.9,245
1114,law,B,E,0.95,0.7258067195011054,0.95,164
1115,law,B,A,0.8,0.7573489541115462,0.4,79
1116,law,J,E,0.9,0.8345962697542136,0.9,69
1117,law,D,D,0.95,0.7453343606146615,0.95,102
1118,law,B,B,0.6,0.8863240230193083,0.6,72
1119,law,C,D,0.9,0.7676175547665312,0.9,98
1120,law,I,I,0.8,0.796373842106736,0.8,80
1121,law,F,F,0.9,0.793436995707573,0.9,77
1122,law,H,H,0.95,0.735661860060247,0.95,176
1123,law,D,B,0.85,0.7326091328947079,0.85,132
1124,law,H,C,0.95,0.7225844770564931,0.95,135
1125,law,A,I,0.8,0.6963802423330135,0.9,191
1126,law,I,C,0.85,0.6934379641465862,0.7,318
1127,law,C,G,0.85,0.7103682835438124,0.85,75
1128,law,C,J,0.85,0.7220664169382928,0.85,65
1129,law,A,C,0.9,0.7164160795708133,0.9,98
1130,law,E,E,0.7,0.747442610148275,0.7,118
1131,law,H,B,0.75,0.6789972794088314,0.75,215
1132,law,J,J,0.9,0.688747932998468,0.9,154
1133,law,H,C,0.9,0.7071609505811707,0.9,110
1134,law,E,H,0.8,0.7787838998003094,0.8,100
1135,law,E,H,0.9,0.8110683769426311,0.9,93
1136,law,J,H,0.75,0.7635913055227329,0.75,125
1137,law,A,D,0.8,0.7583210090884004,0.9,94
1138,law,G,H,0.9,0.7373553607451815,0.9,70
1139,law,H,F,0.9,0.8087227028720505,0.9,77
1140,law,G,B,0.9,0.8118668110908148,0.9,100
1141,law,A,H,0.95,0.7217986582282722,0.95,179
1142,law,B,A,0.95,0.7687848024225129,0.95,93
1143,law,C,G,0.85,0.7759342040062724,0.85,98
1144,law,I,I,0.9,0.6979792981559976,0.9,106
1145,law,G,G,0.95,0.7900083844675553,0.95,112
1146,law,H,B,0.85,0.8432227072514752,0.8,107
1147,law,B,B,0.95,0.7118253366030772,0.95,96
1148,law,A,E,0.9,0.7230294186212552,0.9,106
1149,law,F,F,0.95,0.7397058094716276,0.95,188
1150,law,C,E,0.9,0.7843234817454247,0.9,79
1151,law,C,D,0.85,0.7610217544727197,0.85,64
1152,law,C,G,0.9,0.7574047608018641,0.7,86
1153,law,G,D,0.95,0.7467021156417711,0.95,87
1154,law,J,A,0.95,0.7870262931544535,0.95,71
1155,law,E,B,0.9,0.7431783042776113,0.4000000000000001,89
1156,law,I,A,0.9,0.6630998088425119,0.6,545
1157,law,I,I,0.9,0.7854265844333916,0.9,128
1158,law,A,G,0.9,0.761979599391125,0.0,109
1159,law,B,E,0.85,0.7354874186925697,0.8,67
1160,law,G,J,0.9,0.7621959213828142,0.9,73
1161,law,I,I,0.9,0.7953636250056593,0.9,143
1162,law,F,F,0.9,0.8064451432411094,0.9,80
1163,law,B,G,0.95,0.823899980772698,0.95,73
1164,law,D,H,0.85,0.7648278911773108,0.85,159
1165,law,D,E,0.85,0.8219958335549638,0.85,65
1166,law,A,H,0.85,0.8032507448960372,0.0,74
1167,law,G,G,0.5,0.7536027019189148,0.7,97
1168,law,A,C,0.95,0.7993615325817861,0.95,141
1169,law,F,F,0.8,0.7590616857185684,0.8,76
1170,law,A,B,0.9,0.8169514184202978,0.9,105
1171,law,A,I,0.95,0.8006731425020768,0.95,84
1172,law,E,F,0.9,0.8272735870721505,0.9,85
1173,law,H,I,0.9,0.6601248820644506,0.7,105
1174,law,E,D,0.9,0.7613060123274474,0.9,218
1175,law,H,G,0.85,0.7803101042911871,0.85,87
1176,law,C,C,0.9,0.754481812081387,0.9,104
1177,law,G,E,0.8,0.7771326011929925,0.8,60
1178,law,H,I,0.85,0.7298242474457429,0.4,192
1179,law,B,B,0.9,0.7827017421231091,0.9,81
1180,law,F,B,1.0,0.7785099764159967,0.8,66
1181,law,A,G,0.85,0.6866099032879884,0.85,195
1182,law,C,B,0.85,0.6870989858237005,0.85,224
1183,law,E,J,0.85,0.8240712234459268,0.85,96
1184,law,D,I,0.9,0.7986701539895429,0.9,91
1185,law,G,E,0.8,0.7710006103266723,0.8,84
1186,law,B,C,0.9,0.7404335831970379,0.7,131
1187,law,E,G,0.9,0.8687906847055313,0.9,98
1188,law,D,H,0.9,0.7549236977630096,0.9,103
1189,law,C,D,0.95,0.7028259384251907,0.6,120
1190,law,D,D,0.85,0.6981324033285924,0.85,95
1191,law,C,I,0.9,0.858323442398985,0.9,37
1192,law,A,A,0.95,0.6841251784590734,0.95,100
1193,law,B,I,0.65,0.7284557251438175,0.6,130
1194,law,I,J,0.9,0.8303737715378869,0.9,77
1195,law,F,D,0.9,0.7328140948379078,0.9,182
1196,law,D,E,0.9,0.7514969330521214,0.4,96
1197,law,G,E,0.9,0.753356292734994,0.9,106
1198,law,F,C,0.85,0.7436460568154264,0.85,110
1199,law,I,I,0.9,0.7470639320987138,0.9,109
1200,law,F,G,0.95,0.7771235013740782,0.7,136
1201,law,B,G,0.85,0.7694616878745397,0.7,55
1202,law,C,C,0.9,0.710420075498062,0.9,131
1203,law,D,A,0.85,0.7925530731061448,0.85,62
1204,law,G,H,0.95,0.7471996822359533,0.0,105
1205,law,C,C,0.95,0.8067575482670692,0.95,64
1206,law,A,C,0.5,0.719702821608868,0.4,102
1207,law,E,F,0.8,0.8017508126359824,0.2,93
1208,law,H,I,0.85,0.7513186441836736,0.85,101
1209,law,E,C,0.95,0.7650073427862598,0.4,115
1210,law,H,H,0.95,0.8924402864676504,0.95,68
1211,law,E,E,0.95,0.7832327223576399,0.95,67
1212,law,A,G,0.9,0.7964359503666565,0.9,88
1213,law,B,C,0.95,0.7999632058338556,0.8,67
1214,law,J,A,0.95,0.8456119496500104,0.95,133
1215,law,A,A,0.85,0.7375233356263912,0.8,146
1216,law,I,B,0.85,0.837946240036061,0.85,101
1217,law,C,B,0.85,0.8483757828479578,0.85,121
1218,law,G,A,0.8,0.7285891769059923,0.6,173
1219,law,A,J,0.9,0.7514565174001576,0.6,104
1220,law,A,G,1.0,0.7654626533448071,1.0,123
1221,law,G,E,0.95,0.8563063682066637,0.95,64
1222,law,A,G,0.8,0.7726197641635529,0.6,73
1223,law,A,I,0.85,0.7253619844153222,0.85,114
1224,law,I,J,0.9,0.8293731792038834,0.9,113
1225,law,E,E,0.85,0.802894896447192,0.95,56
1226,law,D,A,0.8,0.7286703901057765,0.7,122
1227,law,I,E,0.9,0.7844753567820322,0.9,136
1228,law,H,B,0.85,0.7826445490122101,0.9,82
1229,law,H,E,0.9,0.8195354812179594,0.7,106
1230,law,I,B,0.9,0.7918061534616284,0.7,76
1231,law,A,D,0.9,0.7448544166122221,0.7,79
1232,law,J,A,0.9,0.7877984621031832,0.9,126
1233,law,I,I,0.75,0.717884458895193,0.8,84
1234,law,E,G,0.7,0.7273720117225853,0.9,119
1235,law,A,I,0.95,0.7154958362963285,0.6,83
1236,law,A,D,0.9,0.6678456686459724,0.9,99
1237,law,A,C,0.7,0.738642808148838,0.7,105
1238,law,I,I,0.85,0.7257836024545823,0.85,83
1239,law,A,E,0.65,0.8164376870570733,32.825,104
1240,law,B,C,0.8,0.7663425275335699,0.8,59
1241,law,G,G,1.0,0.7587772345071587,0.95,103
1242,law,J,J,0.95,0.7267677345821114,0.95,147
1243,law,E,C,0.9,0.7710481560652653,0.7,90
1244,law,A,I,0.95,0.8005424111908537,0.95,97
1245,law,H,H,0.9,0.7954852032073089,0.9,71
1246,law,H,C,0.95,0.7992240402361397,0.4,81
1247,law,C,A,0.95,0.6876630914757639,0.95,183
1248,law,C,G,0.75,0.8179878694531135,0.75,88
1249,law,A,G,0.9,0.7614505487688368,0.9,58
1250,law,C,I,0.95,0.714141347124298,0.95,84
1251,law,A,G,0.7,0.7683955464474865,0.7,126
1252,law,J,E,0.95,0.7317451414477416,0.95,107
1253,law,G,A,0.95,0.6835495718624734,0.7,150
1254,law,H,A,0.95,0.6646450590443059,0.95,107
1255,law,A,G,0.9,0.8103829803031409,0.8,116
1256,law,I,I,0.9,0.7669757873955821,0.9,135
1257,law,G,B,0.9,0.8043225151123293,0.7,78
1258,law,F,C,0.8,0.7912832928861641,0.8,141
1259,law,A,B,0.85,0.8552613588414409,0.85,60
1260,law,F,J,0.9,0.6932172274849775,0.9,103
1261,law,I,E,0.8,0.8197351179418004,0.0,83
1262,law,I,I,0.9,0.7698874378043248,0.95,83
1263,law,A,H,0.75,0.7206680257837123,0.6,130
1264,law,I,C,0.95,0.7541425052480255,0.95,93
1265,law,E,E,0.85,0.8131903982909338,0.85,69
1266,law,H,H,0.95,0.847693317908867,0.95,78
1267,law,A,G,0.9,0.6701053775476334,0.8,282
1268,law,D,D,0.9,0.7291557623425426,0.9,105
1269,law,D,E,0.9,0.7765487386779706,0.4,101
1270,law,G,G,0.9,0.7402648579035254,0.9,89
1271,law,B,E,0.85,0.7270532927990407,0.85,133
1272,law,I,B,0.7,0.7370686306788024,0.4,65
1273,law,D,C,0.85,0.7526096105533294,0.85,101
1274,law,A,C,0.9,0.7760231696821782,0.9,118
1275,law,H,H,0.8,0.8763656090032784,0.9,64
1276,law,C,C,0.9,0.683164148133856,0.9,133
1277,law,D,I,0.7,0.7438828123472748,0.7,75
1278,law,F,A,0.9,0.709998667146599,0.8,137
1279,law,G,G,0.85,0.8014183803303142,0.85,86
1280,law,H,D,0.95,0.7644186071138227,0.95,96
1281,law,J,H,0.85,0.768453381421026,0.8,66
1282,law,C,B,0.85,0.8015629595830983,0.85,70
1283,law,G,I,0.9,0.8132550757195667,0.9,79
1284,law,C,F,0.95,0.758160383968941,0.5,153
1285,law,G,B,1.0,0.7196723357230865,1.0,117
1286,law,F,B,0.95,0.611165701616386,0.9,717
1287,law,J,J,0.95,0.759897050455897,0.95,92
1288,law,C,C,0.9,0.7458447785042275,0.9,85
1289,law,G,G,1.0,0.7929054844946722,1.0,61
1290,law,G,H,0.95,0.8095574290255071,0.95,70
1291,law,I,I,0.9,0.7387572527213202,0.9,152
1292,law,A,C,0.95,0.8499570880308157,0.95,66
1293,law,C,A,0.85,0.8350915182990449,0.85,63
1294,law,C,C,0.8,0.7969337560601006,0.8,63
1295,law,A,D,0.85,0.7609004041594237,0.5,160
1296,law,H,H,0.85,0.7455170200847441,0.85,123
1297,law,G,G,0.95,0.7714343827541922,0.95,112
1298,law,G,F,0.8,0.7524356438494011,0.8,96
1299,law,I,F,0.9,0.7167605286427476,0.9,155
1300,law,G,C,0.9,0.8859728047316124,0.8,120
1301,law,I,C,0.9,0.8683807818898562,0.8,104
1302,law,F,A,0.9,0.7527249481440458,0.9,168
1303,law,A,E,0.9,0.7666573822184086,0.8,100
1304,law,A,G,0.9,0.7538211605168571,0.9,129
1305,law,B,G,0.75,0.7654410894529068,0.75,91
1306,law,B,J,0.95,0.7748881494700466,0.9,66
1307,law,B,E,0.8,0.8110285490764297,0.8,69
1308,law,B,B,0.95,0.8056011027903143,0.9,67
1309,law,H,G,0.9,0.7216509869026982,0.9,109
1310,law,G,B,0.9,0.7872353723764729,0.8,98
1311,law,B,E,0.95,0.8017518853676048,0.95,55
1312,law,D,H,0.9,0.8103363978240872,0.9,54
1313,law,G,I,0.9,0.8086668664825477,0.8,81
1314,law,F,D,0.8,0.6729807325600164,0.8,219
1315,law,F,B,0.9,0.7565568317220076,0.7,112
1316,law,I,E,0.85,0.7637164543105252,0.85,85
1317,law,A,F,0.8,0.6331071610044096,0.6,89
1318,law,B,I,0.85,0.7689076185991347,0.8,86
1319,law,D,A,0.8,0.7774177319808128,0.95,159
1320,law,F,A,0.85,0.7840341807224114,0.85,103
1321,law,B,A,0.85,0.7056016501220874,0.85,129
1322,law,H,B,0.3,0.7458377383706879,0.7,152
1323,law,E,H,0.9,0.743015998914965,0.9,82
1324,law,G,B,0.95,0.7975260273383148,0.4,57
1325,law,F,F,0.85,0.664754021615266,0.6,164
1326,law,D,C,0.85,0.7857250359356264,0.85,80
1327,law,E,E,0.85,0.717478480186482,0.85,187
1328,law,I,B,0.9,0.7302235116240456,0.8,79
1329,law,B,J,0.85,0.8184120253784114,0.9,68
1330,law,F,D,0.95,0.7811514042628066,0.95,96
1331,law,H,C,0.9,0.6940340797437551,0.9,149
1332,law,G,G,0.9,0.7424460760934869,0.9,109
1333,law,G,E,0.95,0.7468845161723405,0.8,116
1334,law,H,A,0.95,0.8059643219358159,0.7,96
1335,law,A,A,0.95,0.7828067025822201,0.95,99
1336,law,B,D,0.95,0.7789869797490856,0.95,133
1337,law,J,J,0.8,0.8317876772953714,0.8,63
1338,law,D,I,0.9,0.7468976015416893,0.9,83
1339,law,A,G,0.9,0.782089881742062,0.9,105
1340,law,A,A,0.85,0.724493076368762,0.85,70
1341,law,D,D,0.8,0.7089758284215006,0.8,143
1342,law,E,H,0.9,0.6996843095542885,0.4,104
1343,law,D,F,0.9,0.7737274963760432,0.9,78
1344,law,E,G,0.95,0.734778868259772,0.4,57
1345,law,I,C,0.95,0.7475281600040619,0.6,89
1346,law,F,I,0.9,0.7954604059862869,0.9,94
1347,law,J,H,0.8,0.7160176730224406,0.8,95
1348,law,F,E,0.85,0.777721052370795,0.85,101
1349,law,H,D,0.75,0.7178281327059676,0.7,87
1350,law,B,B,0.95,0.7980720749056764,0.95,115
1351,law,H,E,0.85,0.800800531499862,0.7,64
1352,law,H,D,0.95,0.7784012899692259,0.95,141
1353,law,E,G,0.9,0.7882742090997555,0.7,187
1354,law,I,I,0.95,0.7917567588366335,0.95,130
1355,law,D,H,0.85,0.7202934582915381,0.85,307
1356,law,G,G,0.9,0.6359655973176275,0.9,212
1357,law,F,B,0.7,0.7614124578802075,0.7,101
1358,law,F,D,0.9,0.7706713039105254,0.9,102
1359,law,G,G,0.95,0.7508074277388427,0.95,98
1360,law,I,E,0.85,0.6525910068678011,0.7,152
1361,law,B,A,0.95,0.7282529337292304,0.9,113
1362,law,D,D,0.85,0.7935668703290296,0.85,148
1363,law,B,F,0.95,0.7328855456859974,0.95,308
1364,law,B,J,0.8,0.7933352052814382,0.6,82
1365,law,A,F,0.9,0.7199339256545562,0.4,109
1366,law,J,D,0.8,0.7509918745789042,0.8,92
1367,law,E,B,0.8,0.6878267770851635,0.8,147
1368,law,C,H,0.9,0.7350458956393038,0.0,96
1369,law,E,I,0.9,0.7084464551427126,0.4,129
1370,law,B,D,0.85,0.7184601814884312,0.85,111
1371,law,D,B,0.9,0.7673728319346643,0.5,103
1372,law,C,D,0.85,0.7188370602637708,0.7222222222222221,548
1373,law,J,G,0.85,0.8022603387257062,0.85,53
1374,law,H,J,0.95,0.7770091677581432,0.95,129
1375,law,F,C,0.9,0.8392223908573486,0.0,90
1376,law,E,E,0.95,0.744889749564792,0.95,89
1377,law,E,A,0.9,0.7450768081815938,0.9,76
1378,law,I,C,0.8,0.8443664568219844,0.9,86
1379,law,E,D,0.9,0.73756931836061,0.9,103
1380,law,G,E,0.95,0.8182625176933565,0.95,80
1381,law,J,A,0.95,0.7449415228193047,0.95,113
1382,law,I,C,0.5,0.7971535987588786,0.8,93
1383,law,I,F,0.85,0.7522697061891178,0.85,125
1384,law,B,B,0.85,0.7321111594466327,0.85,118
1385,law,D,D,0.75,0.7863127192276615,0.45,65
1386,law,F,A,0.75,0.732674694246233,0.75,104
1387,law,E,H,0.95,0.6197182167679249,0.95,852
1388,law,A,H,0.95,0.6782830144055797,0.95,269
1389,law,I,C,0.8,0.7026924604168593,0.6,110
1390,law,D,D,0.95,0.70465094813035,0.95,108
1391,law,E,F,0.95,0.7984626661350718,0.95,72
1392,law,G,H,0.95,0.7705148443448078,0.95,174
1393,law,J,D,0.9,0.799142732090602,0.9,128
1394,law,A,D,0.15,0.6649581370826122,0.95,518
1395,law,F,F,0.9,0.6135304158473331,0.9,474
1396,law,D,D,0.95,0.8158683023647207,0.95,76
1397,law,G,G,0.95,0.7901484876296152,0.95,130
1398,law,D,D,0.95,0.6806861396526118,0.95,90
1399,law,C,B,0.95,0.7251100730973771,0.95,110
1400,law,H,H,0.95,0.7722225654876155,0.95,138
1401,law,E,E,0.95,0.71875439744808,0.95,241
1402,law,E,D,0.9,0.7286386026548147,0.9,78
1403,law,A,A,0.95,0.8092504862012931,0.95,116
1404,law,D,D,0.95,0.6856915959931298,0.95,245
1405,law,C,D,0.95,0.7254172289163056,0.95,135
1406,law,E,B,0.9,0.8216744769655528,0.8,72
1407,law,G,C,0.95,0.7805039036909998,0.95,122
1408,law,D,C,0.85,0.7603559535245679,0.7,152
1409,law,D,H,0.95,0.7858667568579243,0.7,53
1410,law,E,G,0.9,0.7507355785712618,0.9,56
1411,law,E,A,0.95,0.8181459987648098,0.7,88
1412,law,F,C,0.95,0.7489865927864295,0.95,133
1413,law,H,H,0.9,0.7700001690930455,0.9,75
1414,law,I,D,0.95,0.7291126365982074,0.9,127
1415,law,H,H,0.95,0.8017229539862347,0.95,143
1416,law,H,F,0.95,0.7399160762395776,0.0,85
1417,law,F,A,0.9,0.7138757448810492,0.4,188
1418,law,F,F,0.9,0.6417868965372145,0.9,250
1419,law,F,I,0.95,0.8403844003479302,0.95,52
1420,law,B,B,0.9,0.7066316482813764,0.9,104
1421,law,B,C,0.85,0.8471042455428099,0.95,58
1422,law,D,D,0.95,0.8542460565297622,0.7,93
1423,law,H,J,0.95,0.8536888087563833,0.95,328
1424,law,I,I,0.65,0.7447347583354366,0.65,109
1425,law,D,D,0.8,0.7423563483244573,0.8,71
1426,law,A,J,0.85,0.7050404182043076,0.6,67
1427,law,B,B,0.75,0.7355021901771466,0.75,91
1428,law,G,G,0.9,0.7200711667855724,0.9,215
1429,law,H,E,0.8,0.7582381253718055,0.9,134
1430,law,I,F,0.9,0.7332327142762525,0.9,63
1431,law,A,D,0.95,0.7605898631140615,0.95,153
1432,law,D,C,0.9,0.7783387439061911,0.4,83
1433,law,F,F,0.95,0.7521357460417094,0.95,80
1434,law,B,B,0.9,0.7757376790387168,0.9,71
1435,law,I,C,0.9,0.7714431798511392,0.9,91
1436,law,C,C,0.85,0.7228679539712548,0.85,77
1437,law,C,H,0.95,0.6853378490723249,0.95,86
1438,law,F,F,0.95,0.7543962791217764,0.95,113
1439,law,I,I,0.95,0.7209986362167458,0.95,96
1440,law,A,A,0.9,0.740762590750027,0.9,143
1441,law,A,G,0.8,0.6486462905155489,0.7,138
1442,law,J,D,0.8,0.8011668675130584,0.4,87
1443,law,A,A,0.95,0.7833747492386998,0.95,99
1444,law,D,D,0.9,0.7223573115809669,0.9,100
1445,law,F,F,0.8,0.709028730453403,0.6,81
1446,law,G,C,0.85,0.7415659301008685,0.8,83
1447,law,E,G,0.75,0.7933766096243572,0.75,85
1448,law,H,G,0.95,0.8034913569511619,0.7,96
1449,law,I,B,0.85,0.7404092009260069,0.7,139
1450,law,E,A,0.95,0.7696502557273979,0.0,91
1451,law,B,H,0.85,0.6829170817523957,0.4,105
1452,law,G,C,0.9,0.8003957239840384,0.9,117
1453,law,I,C,0.9,0.781356130117084,0.9,138
1454,law,E,B,0.9,0.8136407818521962,0.9,56
1455,law,C,B,0.9,0.744707419801437,0.7,94
1456,law,G,B,0.95,0.73928324670135,0.95,97
1457,law,E,H,0.85,0.7111615947470245,0.85,135
1458,law,F,F,0.9,0.7745635247701504,0.6,81
1459,law,G,G,0.9,0.7218674761409607,0.7,81
1460,law,I,J,0.9,0.7496962881679365,0.9,110
1461,law,J,C,0.9,0.7554111535437124,0.0,134
1462,law,B,C,0.9,0.7703062384690438,0.9,91
1463,law,G,D,0.9,0.7330016142079,0.7,186
1464,law,F,A,0.9,0.7716724397753216,0.9,69
1465,law,B,G,0.9,0.7517412037135041,0.9,88
1466,law,C,C,0.9,0.7997594491556833,0.9,96
1467,law,H,D,0.9,0.700467955318707,0.7,175
1468,law,C,A,0.8,0.6993334513299667,0.4,97
1469,law,A,D,0.9,0.7999073265198444,0.0,86
1470,law,I,C,0.8,0.8065325213641136,0.8,58
1471,law,A,E,0.85,0.723088697054653,0.85,91
1472,law,A,J,0.95,0.7898192013288727,0.9,65
1473,law,C,F,0.8,0.7150084547858981,0.8,142
1474,law,A,B,0.7,0.7434055953013858,0.4,77
1475,law,E,B,0.75,0.7976636057334279,0.7,78
1476,law,H,G,0.75,0.7669905434867543,0.75,96
1477,law,I,I,0.9,0.8339449781316054,0.7,60
1478,law,A,D,0.9,0.7760683570966889,0.8,246
1479,law,F,C,0.9,0.8076180984953572,0.4,90
1480,law,B,F,0.95,0.7613054963416196,0.7,65
1481,law,B,B,0.9,0.6931761474734762,0.7,104
1482,law,A,G,0.9,0.6605287566209882,0.75,296
1483,law,F,C,0.9,0.760121960452169,0.9,93
1484,law,C,B,0.85,0.7200296127059859,0.85,142
1485,law,J,J,0.95,0.7952898958985849,0.95,60
1486,law,E,E,0.95,0.7188772374327641,0.9,86
1487,law,G,G,0.95,0.7478315874974778,0.95,120
1488,law,B,G,0.9,0.7626474246827132,0.9,165
1489,law,A,G,0.85,0.821724761342451,0.85,103
1490,law,J,B,0.92,0.7560396362377257,0.9,112
1491,law,A,C,0.9,0.7450097316306965,0.9,122
1492,law,D,B,0.9,0.7644031137711251,0.8,76
1493,law,C,I,0.9,0.6877395483581052,0.9,137
1494,law,E,B,1.0,0.7848488165298209,0.9,65
1495,law,H,H,0.9,0.7700561199724871,0.7,166
1496,law,I,I,0.85,0.7773089092689882,0.85,66
1497,law,D,C,0.85,0.7764588967853926,0.85,100
1498,law,F,D,0.9,0.8243848898875032,0.9,84
1499,law,B,G,0.9,0.7898345806615168,0.9,173
1500,law,C,D,0.95,0.7306925484562304,0.95,128
1501,law,D,C,0.85,0.7499315905029444,0.85,121
1502,law,A,D,0.85,0.7134854660306498,0.85,70
1503,law,J,F,0.9,0.739202106877519,0.9,116
1504,law,A,D,0.9,0.7532196011536246,0.6,82
1505,law,E,D,0.8,0.6480611769009141,0.8,167
1506,law,A,F,0.9,0.7421117529572938,0.9,97
1507,law,I,I,0.85,0.7323225939873379,0.9,66
1508,law,B,B,1.0,0.7141205440009963,0.9,266
1509,law,G,D,0.95,0.7953355188462742,0.95,81
1510,law,E,E,0.9,0.783884464306039,0.9,95
1511,law,B,B,0.85,0.7827460885619446,0.85,65
1512,law,C,C,0.75,0.7344281991819088,0.75,113
1513,law,D,A,0.85,0.7647312937205232,0.85,143
1514,law,E,E,0.85,0.7858415729896269,0.85,119
1515,law,H,E,0.85,0.7506263306388962,0.85,124
1516,law,C,C,0.95,0.8620255514531623,0.0,68
1517,law,E,D,0.95,0.8618525529680235,0.9,146
1518,law,B,B,0.8,0.7894498215287008,0.8,88
1519,law,C,C,0.9,0.7913061272048101,0.9,73
1520,law,E,B,0.95,0.7118907131786079,0.8,73
1521,law,I,B,0.8,0.7751716684705211,0.8,122
1522,law,E,H,0.95,0.7334623406178893,0.4,118
1523,law,H,J,0.9,0.8274546503003201,0.9,98
1524,law,H,H,0.9,0.8370121545686264,0.9,80
1525,law,G,H,0.95,0.7327795118700919,0.95,240
1526,law,A,A,0.95,0.6717269842895621,0.95,299
1527,law,G,G,0.9,0.8023837755074805,0.9,112
1528,law,D,I,0.9,0.7734253766605856,0.9,79
1529,law,G,G,0.9,0.7153641537078453,0.9,132
1530,law,E,B,0.8,0.7440547929073072,0.8,94
1531,law,E,H,0.7,0.8608946715644269,0.7,98
1532,law,E,I,0.75,0.7720892799171147,0.7,64
1533,law,E,A,0.85,0.7602289216946756,0.425,69
1534,law,A,G,0.95,0.7789729439805863,0.95,83
1535,law,A,I,0.95,0.8425650624377488,0.95,78
1536,law,E,J,0.95,0.7731015177835224,0.95,156
1537,law,B,E,0.95,0.7361705212579719,0.4,83
1538,law,H,C,0.8,0.7671979298141673,0.8,74
1539,law,D,E,1.0,0.8109759062059716,0.9,71
1540,law,J,J,0.95,0.7717443210005485,0.8,66
1541,law,C,G,0.9,0.694972205745614,0.9,219
1542,law,B,B,0.75,0.7482069744001637,0.0,121
1543,law,C,E,0.85,0.7476461502879822,0.8,130
1544,law,F,E,0.85,0.8534739001468867,0.85,67
1545,law,G,F,0.8,0.7728676122190891,0.8,87
1546,law,J,J,0.8,0.7358413779698888,0.8,91
1547,law,C,D,0.95,0.7421089623992614,0.9,112
1548,law,E,D,0.9,0.710074087790686,0.9,152
1549,law,C,F,0.92,0.7700889490494124,0.4,237
1550,law,G,C,0.95,0.7973030431394366,0.95,126
1551,law,I,I,0.9,0.7615679251590759,0.9,155
1552,law,H,H,1.0,0.8499954063773442,0.9,80
1553,law,I,I,0.9,0.7416765222529271,0.7,81
1554,law,A,C,0.7,0.7409536156097307,0.7,68
1555,law,C,I,0.85,0.7446379972105271,0.8,79
1556,law,G,G,0.9,0.6994837411143381,0.4,114
1557,law,C,E,0.9,0.8250213219411784,0.9,130
1558,law,E,A,0.9,0.7017849543082856,0.9,94
1559,law,I,C,0.9,0.7658344060875394,0.9,126
1560,law,B,H,0.8,0.690679781970435,0.8,136
1561,law,J,C,0.85,0.7877736027035669,0.85,60
1562,law,F,D,0.95,0.7054072123428163,0.95,348
1563,law,G,F,0.85,0.7778945564895943,0.95,67
1564,law,H,H,0.8,0.7196313281865412,0.7,151
1565,law,B,I,0.8,0.7370481309087248,0.8,163
1566,law,H,,0.5,0.7450179600604712,0.8,108
1567,law,G,G,0.2,0.7450631885836587,0.2,94
1568,law,A,A,0.98,0.8401524535238376,0.95,63
1569,law,I,H,0.92,0.7197686624998698,0.92,124
1570,law,J,H,0.95,0.8049414545508611,0.0,122
1571,law,C,H,0.95,0.8564436954130726,0.6,107
1572,law,A,A,0.85,0.8757922899688066,0.9,39
1573,law,I,I,0.95,0.7925237719378929,0.95,107
1574,law,C,B,0.65,0.6457769097025662,0.65,132
1575,law,G,C,0.7,0.8128917422817762,0.7,111
1576,law,E,E,0.95,0.7485978638552019,0.95,100
1577,law,D,D,0.9,0.8251328797025388,0.9,84
1578,law,B,B,0.85,0.6810436903484762,0.85,117
1579,law,E,C,1.0,0.7443853373557717,0.9,168
1580,law,A,C,0.9,0.7980512879239803,0.9,80
1581,law,E,F,0.9,0.7815626891207805,0.9,85
1582,law,G,B,0.85,0.8731768321431941,0.85,56
1583,law,E,B,0.95,0.8352981301455854,0.95,108
1584,law,J,D,0.95,0.8006301876148451,0.95,80
1585,law,C,A,0.85,0.7155804347812557,0.85,96
1586,law,I,D,0.9,0.7349916134727579,0.7,107
1587,law,B,J,0.8,0.7273755410191404,0.8,129
1588,law,A,E,0.9,0.7873600112754742,0.9,77
1589,law,B,A,0.9,0.7023777674194831,0.9,122
1590,law,G,E,0.9,0.7661649517313198,0.6,100
1591,law,D,D,0.9,0.7402939035047277,0.9,124
1592,law,A,A,0.85,0.8155468136115176,0.85,165
1593,law,B,C,0.9,0.6871194918168738,0.7,102
1594,law,B,I,0.9,0.7222929660753465,0.9,180
1595,law,J,C,0.8,0.7800209447161102,0.8,78
1596,law,A,A,0.85,0.7493434823246411,0.85,100
1597,law,G,G,0.95,0.7069350924857836,0.95,126
1598,law,J,E,0.9,0.8375657854735329,0.9,70
1599,law,A,B,0.85,0.7864438549515289,0.85,70
1600,law,E,B,0.95,0.7929714617334036,0.95,94
1601,law,I,B,0.9,0.7444777664598194,0.8,206
1602,law,I,H,0.95,0.8144722369108842,0.95,63
1603,law,B,A,0.85,0.7589169201159371,0.85,65
1604,law,C,C,0.9,0.8271896887224188,0.9,101
1605,law,J,J,0.9,0.7639822091814349,0.9,109
1606,law,D,B,0.85,0.727513842067601,0.85,234
1607,law,G,F,0.95,0.7421646769233659,0.95,65
1608,law,C,B,0.95,0.7847371184980406,0.95,123
1609,law,A,I,0.85,0.797150851941404,0.85,70
1610,law,G,G,0.85,0.8095923294799446,0.85,69
1611,law,I,B,0.85,0.756640280109663,0.7,65
1612,law,C,C,0.95,0.7979824346243538,0.95,80
1613,law,H,H,0.85,0.7759854806313305,0.85,71
1614,law,G,B,0.85,0.7665020985550409,0.85,90
1615,law,B,J,0.9,0.7412136158856661,0.9,225
1616,law,E,E,0.95,0.7625536500875575,0.95,70
1617,law,E,C,0.85,0.765732764999075,0.85,110
1618,law,E,B,0.85,0.7695154333806239,0.85,94
1619,law,H,F,0.9,0.701034020757615,0.0,120
1620,law,B,G,0.8,0.7604340857166426,0.8,129
1621,law,A,G,0.9,0.7437429163412828,0.9,128
1622,law,B,B,0.85,0.7167439613032166,0.85,231
1623,law,G,E,0.95,0.7915608266727026,0.7,136
1624,law,C,A,0.85,0.7728653261639673,0.4,123
1625,law,I,I,0.9,0.7657345298585451,0.9,78
1626,law,G,G,0.8,0.8371486572268693,1.0,75
1627,law,A,D,0.9,0.8526026456443845,0.7,76
1628,law,J,C,0.95,0.7195394572657412,1.0,700
1629,law,J,F,0.95,0.9153053800243295,0.95,48
1630,law,D,D,0.85,0.7660178828960525,0.85,76
1631,law,B,B,0.95,0.8308381572011948,0.95,66
1632,law,C,E,0.65,0.7167835680795032,0.7,117
1633,law,J,A,0.8,0.8399033850045912,0.8,88
1634,law,F,D,0.9,0.8201083181716715,0.7,77
1635,law,A,C,0.95,0.7681905543371043,0.95,129
1636,law,F,H,0.9,0.8548810062324564,0.7,51
1637,law,C,G,0.95,0.7399664108525096,0.4,77
1638,law,C,C,0.95,0.6680295854075795,0.95,175
1639,law,I,B,0.85,0.8053123101177754,0.0,127
1640,law,J,I,0.95,0.7777607392465312,0.95,86
1641,law,F,F,0.85,0.7549736045805903,0.85,65
1642,law,A,A,0.9,0.8137736107600296,0.9,75
1643,law,B,B,0.85,0.7568434380175959,0.85,80
1644,law,E,E,0.9,0.7209029859479968,0.9,199
1645,law,G,D,0.9,0.8561429403662263,0.9,75
1646,law,D,C,0.95,0.7674614127301072,0.95,96
1647,law,E,E,0.8,0.7306618534201295,0.8,87
1648,law,A,C,0.95,0.7690301758033923,0.95,83
1649,law,A,D,0.7,0.8440474898795948,0.7,70
1650,law,A,C,0.9,0.7479245802107319,0.9,83
1651,law,C,C,0.9,0.752890928174013,0.9,418
1652,law,B,D,0.9,0.799865871365665,0.9,79
1653,law,D,J,0.7,0.7564389283362629,0.7,98
1654,law,B,C,0.8,0.7845257138608707,0.6,86
1655,law,G,G,0.75,0.7698409461849115,0.9,64
1656,law,J,H,0.85,0.7176123015697337,0.4,70
1657,law,A,I,0.2,0.7720151575388682,0.9,83
1658,law,B,A,0.95,0.6824377401955128,0.95,118
1659,law,E,A,0.9,0.8244894683409902,0.9,93
1660,law,C,C,0.85,0.7090298660022042,0.7,136
1661,law,H,D,0.95,0.8497039197464274,0.95,86
1662,law,C,C,0.95,0.7648376061331551,0.95,229
1663,law,G,G,0.95,0.806744789733599,0.95,89
1664,law,J,D,0.9,0.6872337968897002,0.7,105
1665,law,A,A,0.95,0.8503402616760783,0.95,151
1666,law,G,H,0.9,0.6921811619989866,0.9,112
1667,law,D,C,0.9,0.725191875120109,0.8,105
1668,law,D,C,0.95,0.7904142087913969,0.95,143
1669,law,A,G,0.8,0.7275757650665802,0.4,96
1670,law,J,J,0.85,0.7501446830163484,0.85,128
1671,law,A,D,0.9,0.75460107049784,0.4,79
1672,law,C,C,0.85,0.7955394445150263,0.85,117
1673,law,C,C,0.7,0.703391053824901,0.7,256
1674,law,H,I,0.9,0.7452087741139554,0.0,134
1675,law,D,D,0.9,0.6918968223299372,0.9,103
1676,law,G,C,0.9,0.7690136469140985,0.4,81
1677,law,J,C,0.95,0.8077414021643948,0.95,60
1678,law,I,G,0.9,0.7839928319087753,0.9,79
1679,law,B,B,0.8,0.7647220791002061,0.9,181
1680,law,E,G,0.9,0.8812630029307205,0.9,102
1681,law,J,B,0.95,0.8277346171459727,0.95,105
1682,law,E,H,0.95,0.7209060530754877,0.95,58
1683,law,J,D,0.95,0.8033004290413794,0.95,52
1684,law,H,J,0.9,0.8320499227472498,0.9,100
1685,law,F,F,0.95,0.7355782199691532,0.95,58
1686,law,I,A,0.9,0.8539655123308408,0.1,80
1687,law,C,C,0.8,0.7980772334644267,0.9,100
1688,law,I,I,1.0,0.7774939500905332,1.0,143
1689,law,A,A,0.8,0.7681942968401028,0.8,92
1690,law,A,H,0.85,0.7327875182064268,0.85,98
1691,law,E,E,1.0,0.7653340574231514,1.0,111
1692,law,C,C,0.9,0.7258142335865232,0.9,91
1693,law,J,A,0.8,0.7342857955203568,0.4,86
1694,law,F,G,0.95,0.8051967997377324,0.95,89
1695,law,D,D,0.9,0.7371893176028894,0.9,97
1696,law,D,G,0.8,0.8334452764207205,0.8,67
1697,law,H,G,0.95,0.6738363557411405,0.95,110
1698,law,G,A,0.95,0.7626902418704905,0.7,102
1699,law,F,C,0.9,0.7985234507462401,0.9,109
1700,law,B,C,0.9,0.8088837907547345,0.9,95
1701,law,E,E,0.85,0.7346889619327194,0.85,91
1702,law,J,B,0.9,0.7998091053892412,0.9,57
1703,law,F,H,0.8,0.7306641840196615,0.7,86
1704,law,A,A,0.9,0.762333594199083,0.9,106
1705,law,E,E,0.9,0.6679272730418071,0.9,103
1706,law,I,B,0.8,0.6987842252217749,0.7,95
1707,law,C,C,0.9,0.7681009103428302,0.9,180
1708,law,J,J,0.7,0.8208367698988943,0.7,73
1709,law,H,J,0.9,0.8441070184959577,0.9,78
1710,law,A,C,0.9,0.7402968427070323,0.9,272
1711,law,A,I,0.8,0.7448015133730976,0.4,226
1712,law,A,A,0.95,0.7985643936285246,0.95,68
1713,law,B,C,0.95,0.757818217834776,0.95,135
1714,law,G,G,0.95,0.767485293681459,0.95,68
1715,law,I,F,0.85,0.7772562605980293,0.6,120
1716,law,C,F,0.95,0.8090022531694424,0.95,80
1717,law,C,C,0.95,0.8582501970014642,0.0,66
1718,law,C,F,0.95,0.8214177439960882,0.95,88
1719,law,E,E,0.9,0.7860983322097526,0.9,96
1720,law,G,D,0.9,0.7646500137885178,0.7,85
1721,law,H,F,0.9,0.7499624724696908,0.9,105
1722,law,F,H,0.9,0.8450091156412454,0.9,83
1723,law,B,H,0.95,0.7574744872544679,0.95,89
1724,law,G,C,0.85,0.7432996438275502,0.85,86
1725,law,D,A,0.8,0.7090222828471955,0.8,188
1726,law,G,H,0.8,0.6891675748617292,0.8,92
1727,law,F,F,0.9,0.9147422308467853,0.9,105
1728,law,E,F,0.95,0.8170698076393039,0.95,113
1729,law,B,H,0.9,0.6809721918229447,0.9,209
1730,law,B,B,0.9,0.7744368622888125,0.9,88
1731,law,A,I,0.9,0.7531518061084096,0.8,96
1732,law,B,B,0.85,0.7430303452748497,0.85,91
1733,law,E,C,0.95,0.7601962572391135,0.95,81
1734,law,C,C,0.95,0.8012616066486035,0.4,79
1735,law,I,C,0.9,0.8095715041786363,0.9,86
1736,law,J,J,0.95,0.7679326229996711,0.95,87
1737,law,G,G,0.85,0.7733908479077571,0.85,93
1738,law,D,D,0.95,0.8349133502441379,0.95,84
1739,law,E,C,0.95,0.6950268851656392,0.7,139
1740,law,B,B,0.9,0.7678094325367218,0.7,131
1741,law,E,H,0.8,0.7032552160011628,0.0,478
1742,law,B,H,0.8,0.7463357824920083,0.9,95
1743,law,G,J,0.85,0.7112535302189538,0.85,151
1744,law,B,F,0.95,0.7896290152900455,0.95,94
1745,law,D,A,0.95,0.8103780762760125,0.5,78
1746,law,B,H,0.95,0.7040830579527592,0.7,191
1747,law,D,D,0.85,0.7702493945926513,0.85,144
1748,law,G,G,0.95,0.7803062132977933,0.95,98
1749,law,B,B,0.95,0.7989398657384177,0.95,168
1750,law,D,G,0.9,0.7719802847953018,0.9,102
1751,law,F,F,0.95,0.6985625916194917,0.95,144
1752,law,H,F,0.9,0.7792965908746119,0.9,109
1753,law,B,G,0.95,0.7533920413897642,0.95,109
1754,law,E,F,0.9,0.7678549713731214,0.9,64
1755,law,E,E,0.9,0.801339474119662,0.9,69
1756,law,G,C,0.9,0.7764021340835553,0.9,83
1757,law,H,C,0.9,0.7116251645509869,0.8,130
1758,law,J,F,0.95,0.7239004524264663,0.95,152
1759,law,F,E,0.8,0.8002559023275944,0.8,57
1760,law,H,H,0.95,0.762961136041134,0.95,105
1761,law,D,D,0.95,0.7516555838162681,0.95,176
1762,law,J,G,0.9,0.7863229827263168,0.9,80
1763,law,C,C,0.95,0.6389686667758967,0.95,179
1764,law,H,F,1.0,0.7690587585272544,0.9,237
1765,law,F,I,0.9,0.7912807952607326,0.8,130
1766,law,B,C,0.7,0.7235647342081096,0.9,133
1767,law,D,G,0.8,0.7630473008799404,0.9,203
1768,law,I,I,0.8,0.7643111780125158,0.4,90
1769,law,J,B,0.95,0.787115847647667,0.0,79
1770,law,E,C,0.9,0.7813591828482104,0.5,76
1771,law,G,C,0.9,0.6587396315815827,0.9,138
1772,law,C,A,0.85,0.7088168658108946,0.3,119
1773,law,C,I,0.7,0.7181089942319311,0.7,137
1774,law,E,J,0.75,0.7852102493391836,0.4,61
1775,law,G,A,0.85,0.7445291334335743,0.85,86
1776,law,H,C,0.85,0.7341605081888302,0.85,116
1777,law,A,A,0.9,0.7446464661032327,0.9,197
1778,law,A,B,0.85,0.7572153430502003,42.925,99
1779,law,B,B,0.8,0.7379386910040218,0.8,108
1780,law,B,I,0.9,0.8158618997859087,0.9,132
1781,law,E,E,0.9,0.7582692211511582,0.9,91
1782,law,H,C,0.85,0.7022145041371772,0.85,78
1783,law,E,I,0.85,0.8235511227265667,0.7,67
1784,law,I,C,0.9,0.7485316667318794,0.8,119
1785,law,E,F,0.9,0.8333555942711703,0.8,37
1786,law,E,E,0.9,0.7139083043906072,0.9,140
1787,law,E,B,0.85,0.7789903675685975,0.7,86
1788,law,E,D,0.65,0.6827162865652483,0.6,196
1789,law,I,H,0.9,0.7171792622761625,0.7,174
1790,law,I,I,0.95,0.7669982113628222,0.95,86
1791,law,D,E,0.8,0.6696170995896424,0.9,57
1792,law,A,C,0.85,0.7139234904235161,0.85,71
1793,law,F,F,0.85,0.7896513475842794,0.85,96
1794,law,F,I,0.95,0.8243947691429854,0.95,65
1795,law,H,C,0.9,0.798941348819027,0.8,80
1796,law,A,A,0.85,0.7491137032142106,0.7,108
1797,law,E,G,0.7,0.7893654958978862,0.7,65
1798,law,G,I,0.9,0.7602482586205963,0.8,81
1799,law,C,D,0.9,0.7650874250134724,0.9,99
1800,law,E,E,0.9,0.7557822391004274,0.9,113
1801,law,A,G,0.8,0.6616391644252752,0.9,503
1802,law,G,G,0.85,0.846623840176149,0.85,61
1803,law,A,C,0.8,0.8235956487909905,0.8,71
1804,law,A,G,0.9,0.8019013066823746,0.9,66
1805,law,C,B,0.9,0.8076034476115934,0.9,66
1806,law,H,E,0.85,0.7897737940907698,0.85,67
1807,law,A,B,0.95,0.7877148011704344,0.7,48
1808,law,B,C,0.85,0.754022672196629,0.9,73
1809,law,I,B,0.8,0.732790783958998,0.8,157
1810,law,F,I,0.9,0.7520611476776294,0.9,112
1811,law,D,G,0.9,0.7624668321143593,0.9,84
1812,law,A,B,0.95,0.6879388558219547,0.95,261
1813,law,E,F,0.9,0.871594909976858,0.9,95
1814,law,B,B,0.95,0.6731364125300294,0.6,161
1815,law,A,C,0.95,0.7812311424701448,0.95,210
1816,law,H,C,0.95,0.7840083796127942,0.8,85
1817,law,E,J,0.95,0.7170256691467161,0.95,145
1818,law,C,C,0.9,0.7570175534912781,0.9,74
1819,law,C,F,0.9,0.727687937568365,0.9,94
1820,law,F,F,0.95,0.6355129384794851,,1643
1821,law,A,B,0.9,0.7193387691156804,0.7,81
1822,law,H,J,0.85,0.7480005815830227,0.85,115
1823,law,I,E,0.98,0.6736137346805023,0.95,254
1824,law,D,G,0.85,0.8076384502779028,0.85,58
1825,law,J,B,0.9,0.7346837241108846,0.8,95
1826,law,B,H,0.8,0.8367901940202694,0.8,88
1827,law,C,C,0.95,0.7601818324128282,0.95,63
1828,law,H,G,0.9,0.7926774588793849,0.9,237
1829,law,G,E,0.85,0.7250452035250462,0.6,149
1830,law,E,E,0.9,0.7530547563028999,0.9,84
1831,law,D,I,0.9,0.7928840469244192,0.9,86
1832,law,E,H,0.85,0.8146192628472596,0.4,43
1833,law,A,F,0.7,0.7875785209832739,0.7,69
1834,law,C,C,0.9,0.7432289058391215,0.9,82
1835,law,C,H,0.85,0.7059413826918904,0.7,73
1836,law,D,D,0.95,0.8659514202128816,0.95,62
1837,law,G,G,1.0,0.8401530193569227,0.95,82
1838,law,B,C,0.8,0.7468160706607236,0.8,111
1839,law,H,H,0.9,0.7950760283778702,0.9,57
1840,law,I,I,0.85,0.737002675993628,0.9,79
1841,law,I,D,0.85,0.6772155749663381,0.85,169
1842,law,F,C,0.9,0.7901523964343375,0.9,141
1843,law,D,C,0.9,0.6850695679543284,0.8,60
1844,law,G,A,0.8,0.7131803357503897,0.8,180
1845,law,G,G,0.85,0.7733720472589735,0.85,201
1846,law,I,I,0.9,0.7825755030800201,0.9,57
1847,law,G,G,0.9,0.7760229376265855,0.9,82
1848,law,E,A,0.8,0.7473637975437291,0.0,139
1849,law,E,E,0.85,0.8096964150982796,0.85,61
1850,law,F,D,0.95,0.8088309226408763,0.95,101
1851,law,F,D,0.9,0.7254575078458211,0.9,98
1852,law,D,D,0.95,0.7899034239594492,0.95,89
1853,law,D,D,0.85,0.8681235923579518,1.0,75
1854,law,I,D,0.8,0.7045822364176048,0.8,195
1855,law,B,A,0.9,0.7256243654691796,0.9,100
1856,law,D,D,0.9,0.7573901256966342,0.9,98
1857,law,A,C,0.9,0.7302425158425875,0.4,107
1858,law,B,J,0.9,0.7897774046318339,0.9,91
1859,law,H,E,0.95,0.8334263748142775,0.95,103
1860,law,H,C,0.9,0.7976764295572382,0.95,174
1861,law,E,E,0.95,0.8176644031144056,0.95,100
1862,law,F,D,0.8,0.7363100807754791,0.9,149
1863,law,H,H,0.9,0.7737812909470533,0.9,100
1864,law,B,B,0.8,0.7591308788193778,0.7,84
1865,law,I,E,0.85,0.8359885835467891,0.9,100
1866,law,D,D,0.9,0.8020272009847462,0.9,84
1867,law,F,H,0.95,0.7024726152218037,0.7,313
1868,law,G,G,0.85,0.7631723730788124,0.85,105
1869,law,J,H,0.95,0.7026473825364139,0.6,112
1870,law,G,D,0.9,0.7056325418216729,0.9,119
1871,law,E,E,0.9,0.7756319095769459,0.9,118
1872,law,G,H,0.7,0.8096000840819568,0.9,71
1873,law,C,F,0.95,0.7510477180938888,0.95,127
1874,law,F,A,0.95,0.8410989600123836,0.95,84
1875,law,D,E,0.9,0.8176857879028404,0.9,113
1876,law,G,G,0.85,0.6989880382548533,0.85,159
1877,law,F,C,0.9,0.7615789238991643,0.9,136
1878,law,F,H,0.8,0.6821121626145138,0.8,299
1879,law,I,H,0.9,0.7332915065391291,0.8,73
1880,law,E,B,0.9,0.7875521369465948,0.9,123
1881,law,H,E,0.9,0.8148543819978477,0.9,78
1882,law,D,D,0.85,0.6532685732671165,0.7,136
1883,law,I,C,0.9,0.7582483330048403,0.1,101
1884,law,G,D,0.8,0.7773772653168839,0.4,104
1885,law,H,H,0.8,0.710798312198638,0.8,77
1886,law,G,G,0.95,0.7743925458900599,0.95,95
1887,law,I,I,0.95,0.7606835002698402,0.95,60
1888,law,A,A,0.8,0.6339168171484599,0.8,170
1889,law,D,D,0.85,0.7572741256346784,0.85,69
1890,psychology,E,D,0.9,0.6978797877646968,0.8,101
1891,psychology,I,I,0.9,0.7748946184069725,0.9,72
1892,psychology,E,G,0.95,0.7054106500444148,0.95,166
1893,psychology,F,D,0.9,0.8053110308398808,0.0,145
1894,psychology,B,I,0.95,0.684895683510048,0.95,191
1895,psychology,G,H,0.65,0.7113924805137807,0.9,134
1896,psychology,D,E,0.95,0.7171095960870045,0.6,223
1897,psychology,J,J,0.95,0.7802601295392164,0.95,101
1898,psychology,F,F,0.95,0.7658200876260436,0.95,77
1899,psychology,G,G,0.7,0.6973926899893502,0.4,103
1900,psychology,B,C,0.95,0.8223728200365188,0.9,48
1901,psychology,A,A,0.95,0.7616786632373266,0.95,50
1902,psychology,B,H,0.9,0.7537071663431206,0.9,77
1903,psychology,D,H,0.75,0.6753249641331034,0.75,110
1904,psychology,H,H,0.85,0.7691632518620214,0.95,63
1905,psychology,I,A,0.95,0.7935925351836183,0.9,81
1906,psychology,E,E,0.95,0.7022315408485612,0.95,141
1907,psychology,C,C,0.95,0.7412653627409922,0.95,88
1908,psychology,E,E,0.95,0.8485332532607092,0.95,208
1909,psychology,D,D,0.85,0.740350351339162,0.85,66
1910,psychology,A,J,0.9,0.8105933510118674,0.9,79
1911,psychology,B,C,0.85,0.694259203032388,0.85,197
1912,psychology,A,A,0.95,0.6909352220426723,0.95,107
1913,psychology,H,G,0.95,0.9030166019764326,0.0,153
1914,psychology,A,A,0.9,0.8157554753544443,0.9,76
1915,psychology,C,C,0.95,0.8199975584374098,0.95,49
1916,psychology,A,A,0.95,0.8137828330871439,0.95,91
1917,psychology,B,B,0.95,0.802037387550094,0.95,83
1918,psychology,J,J,1.0,0.897092683916904,1.0,47
1919,psychology,C,C,0.95,0.7634263416896465,0.95,183
1920,psychology,G,G,0.95,0.769712961845582,0.0,102
1921,psychology,J,B,0.9,0.842557383429526,0.9,94
1922,psychology,I,B,0.9,0.7965089657316214,0.9,59
1923,psychology,B,B,0.95,0.8036509298332266,0.95,52
1924,psychology,I,I,0.95,0.848202944419858,0.9,136
1925,psychology,I,G,0.7,0.7069233476012696,0.7,171
1926,psychology,E,B,0.9,0.730044521421108,0.9,135
1927,psychology,G,G,0.9,0.7334108613737451,1.0,67
1928,psychology,I,B,0.9,0.7538200578552728,0.2,76
1929,psychology,G,G,0.95,0.9009719138974822,0.95,52
1930,psychology,G,J,0.9,0.834303277270442,0.9,65
1931,psychology,A,A,0.9,0.8386284355609396,0.9,77
1932,psychology,F,J,0.9,0.7595316972387481,0.9,84
1933,psychology,E,B,0.95,0.8201133314344113,0.95,49
1934,psychology,I,E,0.95,0.822268730789083,0.0,92
1935,psychology,J,E,0.9,0.7780604839979469,0.9,71
1936,psychology,H,G,0.9,0.8259162633012653,0.9,143
1937,psychology,F,F,0.7,0.7485365221901444,0.7,63
1938,psychology,F,F,0.95,0.8014672897030871,0.95,78
1939,psychology,F,F,0.9,0.6766538365423516,0.8,71
1940,psychology,I,I,1.0,0.9118646714665809,1.0,100
1941,psychology,J,J,0.95,0.7632620471266828,0.95,91
1942,psychology,H,H,0.95,0.7714218658967007,0.95,116
1943,psychology,I,D,0.9,0.7576524693733034,0.9,53
1944,psychology,J,J,0.95,0.8124441037096309,0.95,91
1945,psychology,B,B,0.95,0.7726269967867686,0.95,76
1946,psychology,A,I,0.9,0.7605363659768187,0.9,72
1947,psychology,D,G,0.9,0.8002690090134795,0.8,143
1948,psychology,F,J,0.85,0.8348640974916685,0.6,63
1949,psychology,F,F,0.95,0.8006407149798657,0.95,77
1950,psychology,B,B,1.0,0.7582880136288404,0.95,105
1951,psychology,D,B,0.9,0.7815811649340968,0.9,496
1952,psychology,F,F,0.95,0.7631712043424472,0.95,110
1953,psychology,B,F,0.8,0.7093814201197323,0.8,93
1954,psychology,F,F,0.9,0.7607017669106495,0.9,88
1955,psychology,B,B,0.85,0.8386065288427303,0.85,60
1956,psychology,G,D,0.9,0.7162310446306313,0.8,103
1957,psychology,A,B,0.85,0.7199712983653734,0.85,90
1958,psychology,G,E,0.9,0.7678406133639766,0.9,243
1959,psychology,C,C,0.95,0.7643439967606543,0.95,85
1960,psychology,C,C,0.9,0.7339430053389706,0.7,195
1961,psychology,F,F,0.95,0.750910231396694,0.95,53
1962,psychology,G,G,0.85,0.7546201015630603,0.85,40
1963,psychology,C,C,1.0,0.7836342234309132,0.9,79
1964,psychology,G,G,0.75,0.7450685397202077,0.75,134
1965,psychology,E,E,0.9,0.8143405020104095,0.9,112
1966,psychology,H,H,0.9,0.8073971122623026,0.9,65
1967,psychology,E,E,0.95,0.7307551420847769,0.95,168
1968,psychology,B,A,0.9,0.7842977915655958,0.9,64
1969,psychology,I,D,0.9,0.7545939639627207,0.9,129
1970,psychology,D,B,1.0,0.7521184139635481,1.0,115
1971,psychology,F,A,0.95,0.72443021113862,0.95,127
1972,psychology,D,B,0.95,0.7336335127531873,0.8,218
1973,psychology,B,F,0.9,0.8655031236803521,0.0,68
1974,psychology,C,C,0.85,0.7971570405879848,0.85,37
1975,psychology,C,G,0.85,0.7602790767485298,0.85,73
1976,psychology,I,D,0.9,0.7603101215009328,0.8,70
1977,psychology,E,E,0.95,0.862959377508139,0.95,39
1978,psychology,F,F,0.9,0.7477672133631014,0.9,100
1979,psychology,J,I,0.9,0.7040578633384953,0.9,137
1980,psychology,B,B,1.0,0.7015139939956195,0.9,158
1981,psychology,D,I,0.9,0.7466570319559837,0.7,116
1982,psychology,G,G,0.98,0.768467280241353,0.9,58
1983,psychology,F,F,0.95,0.7714576217387333,0.95,52
1984,psychology,G,G,0.85,0.7582044660952638,0.85,85
1985,psychology,G,G,1.0,0.8760496236322599,1.0,51
1986,psychology,B,A,0.95,0.8086465219241469,0.95,113
1987,psychology,J,J,0.9,0.8347949855281389,0.9,322
1988,psychology,G,G,0.9,0.8753947084006631,0.9,106
1989,psychology,J,J,0.95,0.8481905992752372,0.95,62
1990,psychology,E,J,0.9,0.6880940360818639,0.8,55
1991,psychology,J,D,0.9,0.8187434927077757,0.0,82
1992,psychology,J,I,0.85,0.7541481997654447,0.85,79
1993,psychology,E,F,0.85,0.8188740195529398,0.85,60
1994,psychology,F,F,0.95,0.7581596635498624,0.95,162
1995,psychology,F,F,0.95,0.6623958451262192,0.95,108
1996,psychology,A,H,0.9,0.771278490909719,0.9,85
1997,psychology,B,B,0.95,0.8701809812177907,0.95,62
1998,psychology,E,A,0.9,0.793613694646139,0.4,72
1999,psychology,A,C,0.9,0.7309286356974628,0.9,107
2000,psychology,D,A,1.0,0.8233832612565266,0.9,133
2001,psychology,A,G,0.95,0.7371393220124217,0.95,143
2002,psychology,B,B,1.0,0.7827620381597362,1.0,167
2003,psychology,B,G,0.75,0.649967793990772,0.8,107
2004,psychology,J,J,0.8,0.7215719463942792,0.8,146
2005,psychology,C,A,1.0,0.7200971746294245,0.9,220
2006,psychology,G,J,0.8,0.7789023449734404,0.2,63
2007,psychology,C,J,0.95,0.7361140263088961,0.95,107
2008,psychology,B,B,0.9,0.7579062209228008,0.9,64
2009,psychology,F,D,1.0,0.937592321985149,1.0,78
2010,psychology,J,F,0.95,0.7828434954798301,0.0,88
2011,psychology,A,A,0.95,0.7869945816863317,0.9,59
2012,psychology,E,E,0.95,0.7592025688222498,0.95,107
2013,psychology,J,J,1.0,0.7035080241569831,0.9,120
2014,psychology,J,D,0.92,0.7339076489046751,0.92,115
2015,psychology,I,I,0.95,0.9238097553138311,0.95,60
2016,psychology,B,B,0.85,0.7063445970867483,0.85,91
2017,psychology,F,D,0.9,0.6807001009232906,0.8,113
2018,psychology,J,J,0.95,0.7481405564037705,0.95,115
2019,psychology,E,E,0.9,0.925835434688945,0.7,310
2020,psychology,F,F,0.95,0.7571671089260551,0.95,101
2021,psychology,F,F,0.95,0.7039568948368147,0.8,109
2022,psychology,A,A,0.95,0.8190209280665443,0.95,79
2023,psychology,B,B,0.9,0.7400026599822883,0.9,70
2024,psychology,G,G,0.95,0.8138883208365282,0.95,93
2025,psychology,E,E,1.0,0.7479437375090298,1.0,80
2026,psychology,A,A,0.9,0.7746667512171469,0.9,83
2027,psychology,B,B,0.95,0.8322799442225538,0.95,91
2028,psychology,I,I,,0.7516294356759738,,81
2029,psychology,A,B,0.7,0.78870460643356,0.7,65
2030,psychology,E,E,0.95,0.7803518865608425,0.95,47
2031,psychology,E,E,0.95,0.7168271491848802,0.95,122
2032,psychology,C,C,0.95,0.7410213864214211,0.95,214
2033,psychology,H,F,0.9,0.9119471235124365,0.4,57
2034,psychology,J,F,0.85,0.8265589747091542,0.9,59
2035,psychology,C,C,0.8,0.7168635480163549,0.8,105
2036,psychology,C,C,0.7,0.7791946220999243,0.8,61
2037,psychology,A,B,0.9,0.7849950748628484,0.9,78
2038,psychology,D,D,0.95,0.7607405982032197,0.95,58
2039,psychology,A,A,0.9,0.6749434373068053,0.0,178
2040,psychology,A,B,0.9,0.7439298324951827,0.8,86
2041,psychology,G,G,0.95,0.7965301669938226,0.95,83
2042,psychology,C,C,0.9,0.7064210297244262,0.7,70
2043,psychology,G,H,0.95,0.7959125141324174,0.7,59
2044,psychology,D,B,0.95,0.8520045014817754,0.8,78
2045,psychology,C,F,0.9,0.8095281955259419,0.0,103
2046,psychology,H,D,0.9,0.7735941773833548,0.9,262
2047,psychology,J,J,1.0,0.9063891738014442,1.0,58
2048,psychology,F,F,0.95,0.8180036986388796,0.95,54
2049,psychology,C,C,0.95,0.8586739366902886,0.95,54
2050,psychology,F,D,0.9,0.7030090310030875,0.9,104
2051,psychology,B,G,0.75,0.7047865705447535,0.0,88
2052,psychology,B,B,0.95,0.8144104684674294,0.95,78
2053,psychology,D,D,0.8,0.737416377621715,0.8,66
2054,psychology,I,A,0.9,0.7354643024980165,0.9,161
2055,psychology,C,A,0.95,0.7855906767027695,0.95,65
2056,psychology,A,I,0.95,0.7780120824094847,0.95,111
2057,psychology,H,H,0.75,0.7050374360743719,0.75,136
2058,psychology,B,D,0.7,0.7024263702457575,0.3,201
2059,psychology,H,B,0.95,0.6978652153273177,0.95,138
2060,psychology,E,H,0.9,0.7851038881624489,0.9,75
2061,psychology,B,B,0.95,0.8490406888343062,0.95,39
2062,psychology,D,D,1.0,0.9233819090694937,1.0,84
2063,psychology,H,B,0.9,0.816909886362164,0.9,89
2064,psychology,C,C,0.9,0.7269273560710026,0.9,100
2065,psychology,G,G,0.95,0.7950549189374563,0.95,122
2066,psychology,G,G,0.9,0.8515191446106405,0.9,92
2067,psychology,I,I,0.95,0.8843828582331678,0.95,77
2068,psychology,G,G,0.95,0.7885973977616272,0.95,107
2069,psychology,G,G,0.85,0.8348375298734936,0.85,68
2070,psychology,H,H,0.95,0.7934340275693491,0.95,75
2071,psychology,E,E,0.95,0.8173854220346085,0.95,49
2072,psychology,E,D,0.85,0.8233911204757758,0.8,39
2073,psychology,D,H,0.85,0.7557617419651854,0.85,78
2074,psychology,A,A,0.95,0.7802583103875229,0.95,108
2075,psychology,G,D,0.95,0.8446420876551318,0.8,79
2076,psychology,A,A,0.95,0.857909890254981,0.95,84
2077,psychology,F,C,0.9,0.8868365983991112,0.9,74
2078,psychology,F,C,0.9,0.7029081658672084,0.8,103
2079,psychology,F,B,0.85,0.6805229839614283,0.85,863
2080,psychology,H,D,0.8,0.6447541384550343,0.8,434
2081,psychology,A,A,0.85,0.7603555965883869,0.85,137
2082,psychology,I,B,0.9,0.7389807351680079,0.9,74
2083,psychology,B,B,0.95,0.7478789482597415,0.95,64
2084,psychology,E,E,0.9,0.7266419464886942,0.8,150
2085,psychology,D,H,0.95,0.7958183876147024,0.95,54
2086,psychology,I,C,0.95,0.9101552486898341,0.0,233
2087,psychology,D,D,0.95,0.7542754762008346,0.95,150
2088,psychology,J,J,0.85,0.7881522692603466,0.85,73
2089,psychology,J,J,0.9,0.7383308314314063,0.9,85
2090,psychology,F,B,0.85,0.9003118734809524,0.4,199
2091,psychology,E,E,0.95,0.7724880084596926,0.95,136
2092,psychology,E,I,0.95,0.8823320602601962,0.95,59
2093,psychology,B,B,0.9,0.7765229644180558,0.9,127
2094,psychology,C,D,0.75,0.7382680395060313,0.4,99
2095,psychology,H,H,1.0,0.8776666747194474,1.0,43
2096,psychology,I,D,0.9,0.7750233502692552,0.9,59
2097,psychology,G,E,0.85,0.7045569183703602,0.85,62
2098,psychology,E,E,1.0,0.8618961944370689,0.9,70
2099,psychology,D,F,0.75,0.6842796290813375,0.75,149
2100,psychology,B,B,0.95,0.7402663593312672,0.95,128
2101,psychology,F,E,0.75,0.7595859655216873,0.75,102
2102,psychology,G,B,0.95,0.8059128110790539,0.95,66
2103,psychology,J,J,0.95,0.843681335879907,0.95,65
2104,psychology,D,D,0.95,0.7479266479969471,0.95,83
2105,psychology,D,G,0.9,0.7982727269503925,0.8,68
2106,psychology,I,F,0.95,0.7090804100983432,0.95,79
2107,psychology,J,E,0.9,0.7017339110902263,0.1,129
2108,psychology,C,C,0.95,0.7478319642372914,0.95,132
2109,psychology,G,G,0.92,0.7355996002273814,0.8,90
2110,psychology,G,G,0.95,0.7803845139410978,0.95,84
2111,psychology,F,F,0.95,0.7678542088993388,0.95,82
2112,psychology,H,H,0.9,0.8348993853847488,0.9,50
2113,psychology,E,C,0.95,0.7726428579415459,0.95,65
2114,psychology,H,C,0.95,0.8414222034348556,0.4,83
2115,psychology,E,C,0.75,0.7557360285259119,0.75,84
2116,psychology,G,G,0.9,0.7289301971338611,0.9,98
2117,psychology,B,B,1.0,0.8309692049370319,1.0,87
2118,psychology,C,A,0.95,0.720609727479639,0.95,81
2119,psychology,I,I,1.0,0.8158593193670609,1.0,71
2120,psychology,G,C,0.95,0.799565504424592,0.95,207
2121,psychology,C,C,1.0,0.9110388497611921,1.0,57
2122,psychology,B,F,0.95,0.7932739615202749,0.95,71
2123,psychology,B,B,0.8,0.823186206519898,0.9,106
2124,psychology,F,F,0.6,0.7808837908479541,0.6,118
2125,psychology,J,J,0.9,0.833533407734665,0.9,108
2126,psychology,D,J,0.9,0.8019006660986344,0.9,56
2127,psychology,I,C,0.95,0.7936884185187872,0.95,67
2128,psychology,J,J,0.95,0.7140008973312147,0.95,206
2129,psychology,C,C,0.95,0.7964378487253116,0.95,64
2130,psychology,E,E,0.8,0.7382921035351199,0.8,91
2131,psychology,E,E,0.9,0.8663119648740305,0.9,93
2132,psychology,G,G,0.95,0.8487470855553854,0.95,55
2133,psychology,D,D,0.9,0.7299473112246934,0.9,93
2134,psychology,C,C,0.95,0.8132306375273767,0.95,78
2135,psychology,A,A,0.9,0.7294115403411336,0.9,96
2136,psychology,J,D,0.9,0.8136418820250524,0.9,377
2137,psychology,F,F,1.0,0.7819884776033068,0.95,122
2138,psychology,J,J,0.95,0.6724634586363558,,1079
2139,psychology,I,F,0.9,0.690167939757562,0.9,144
2140,psychology,H,D,0.8,0.8047396906504336,0.9,59
2141,psychology,J,,1.0,0.8663981224725531,0.9,243
2142,psychology,F,F,0.95,0.7635746646443451,0.95,64
2143,psychology,I,I,0.95,0.718075759736137,0.95,99
2144,psychology,E,E,0.95,0.721570973412289,0.95,81
2145,psychology,A,B,0.8,0.6571607409526751,0.4,212
2146,psychology,E,E,0.95,0.7726649010024711,0.95,83
2147,psychology,I,A,0.95,0.6681023022479906,0.95,122
2148,psychology,H,H,0.85,0.8227973090415838,0.85,59
2149,psychology,A,A,0.95,0.8843038695864244,0.95,46
2150,psychology,A,A,0.95,0.763689465659331,0.95,252
2151,psychology,G,G,0.9,0.6940626989101172,0.9,96
2152,psychology,A,A,0.95,0.7913796808635175,0.95,139
2153,psychology,E,E,0.95,0.826310897720614,0.95,54
2154,psychology,C,C,0.85,0.8292029126989583,0.9,61
2155,psychology,J,J,0.95,0.7912617866212573,0.95,78
2156,psychology,D,D,0.75,0.7312922656880798,0.75,135
2157,psychology,A,A,0.9,0.7561879427319741,0.9,97
2158,psychology,B,B,0.95,0.7834137238228007,0.95,113
2159,psychology,F,E,0.95,0.8593452490754445,0.0,53
2160,psychology,E,H,0.8,0.7773084873242078,0.6,74
2161,psychology,J,H,0.95,0.661198645948473,0.95,103
2162,psychology,H,H,0.95,0.815201284758756,0.95,67
2163,psychology,G,G,0.95,0.7638858579311731,0.95,70
2164,psychology,G,G,0.9,0.7378624565627547,0.9,83
2165,psychology,G,G,0.95,0.794487671017203,0.95,73
2166,psychology,C,H,0.85,0.710925350178364,0.85,128
2167,psychology,B,C,0.9,0.8109449716582949,0.0,83
2168,psychology,G,F,0.95,0.8197255128753069,0.0,79
2169,psychology,B,F,0.9,0.7817888965093961,0.8,50
2170,psychology,C,E,0.9,0.6908523940642715,0.7,236
2171,psychology,E,E,0.85,0.7491431773510775,0.85,96
2172,psychology,G,G,0.95,0.8460744486732151,0.95,75
2173,psychology,F,F,0.7,0.7738819405468218,0.7,62
2174,psychology,B,B,0.9,0.7380313736019573,0.95,153
2175,psychology,H,H,0.95,0.7440815206967075,0.95,72
2176,psychology,B,B,0.9,0.7520397321649374,0.9,78
2177,psychology,I,I,0.95,0.8811435486756283,0.95,38
2178,psychology,A,A,0.9,0.8386045089839333,0.9,64
2179,psychology,F,F,0.95,0.758241229413308,0.95,98
2180,psychology,C,G,0.75,0.6925003739144022,0.75,290
2181,psychology,H,F,0.75,0.7921531505653586,0.4,65
2182,psychology,H,E,0.95,0.8988904521126878,0.95,50
2183,psychology,J,J,0.85,0.8391073074937743,0.85,55
2184,psychology,G,B,0.9,0.7919525816300264,0.9,85
2185,psychology,B,C,0.8,0.8093817120049023,0.8,138
2186,psychology,G,G,0.95,0.7964591154757121,0.95,83
2187,psychology,A,A,0.95,0.764461079160891,0.8,79
2188,psychology,G,G,0.95,0.7778270543273177,0.95,127
2189,psychology,A,B,0.8,0.8670059826965173,0.7,59
2190,psychology,C,C,0.8,0.7794395593285555,0.9,81
2191,psychology,E,D,0.9,0.7510050417355695,0.9,245
2192,psychology,D,D,0.9,0.7708420618147154,0.9,67
2193,psychology,F,D,0.9,0.7993799386070539,0.9,67
2194,psychology,J,G,0.9,0.7758750965381883,0.4,90
2195,psychology,A,F,1.0,0.8392203147768548,1.0,91
2196,psychology,B,F,0.95,0.8571265064024157,0.95,80
2197,psychology,G,B,0.9,0.7647691028029677,0.9,85
2198,psychology,A,A,0.9,0.7828785878800067,0.9,86
2199,psychology,A,A,0.95,0.7090435827407368,0.95,90
2200,psychology,B,G,0.95,0.7265218916514021,0.95,40
2201,psychology,E,E,0.95,0.7684623455390157,0.95,128
2202,psychology,I,I,0.95,0.6824664440296235,0.95,123
2203,psychology,C,C,0.9,0.8518056242838302,0.9,76
2204,psychology,J,F,0.95,0.8676954006746818,0.6333333333333333,65
2205,psychology,F,F,0.8,0.7480423014213715,1.0,63
2206,psychology,I,E,0.85,0.6948891732282768,0.85,76
2207,psychology,H,H,0.95,0.7880564884701748,0.95,134
2208,psychology,H,C,0.9,0.7594683723167859,0.7,129
2209,psychology,C,C,0.95,0.8422879426980288,0.95,118
2210,psychology,F,F,0.9,0.7488661737545683,0.9,67
2211,psychology,E,E,0.95,0.6908928914804309,0.95,96
2212,psychology,E,E,0.95,0.7018822478448947,0.95,85
2213,psychology,D,D,0.85,0.7143969546032454,0.85,133
2214,psychology,D,D,0.95,0.7856056195513752,0.8,107
2215,psychology,B,B,0.95,0.726905795746421,0.8,214
2216,psychology,B,B,0.9,0.7998514551204531,1.0,63
2217,psychology,C,J,0.85,0.7092768878952223,0.85,131
2218,psychology,B,B,0.95,0.8325923142750651,0.95,55
2219,psychology,F,F,0.9,0.8132707939330128,0.8,124
2220,psychology,J,J,0.95,0.872412877569863,0.95,295
2221,psychology,D,D,0.9,0.7512361392031516,0.9,109
2222,psychology,A,A,0.9,0.7313224050449076,0.9,124
2223,psychology,G,A,0.85,0.8040495810389199,0.85,54
2224,psychology,C,C,0.95,0.77739617295123,0.95,146
2225,psychology,J,J,0.9,0.6662239325594087,0.9,171
2226,psychology,E,E,0.9,0.7171792674895687,0.9,235
2227,psychology,C,D,0.95,0.738315348107273,0.4,144
2228,psychology,C,E,0.98,0.7903966727400823,0.98,64
2229,psychology,E,E,0.95,0.7873152614905167,0.95,106
2230,psychology,I,H,0.95,0.7989833172011824,0.8,46
2231,psychology,B,G,0.9,0.8287242910916193,0.9,179
2232,psychology,E,A,0.95,0.8232151335778285,0.95,91
2233,psychology,D,D,0.9,0.7525220489659052,0.9,75
2234,psychology,F,C,0.9,0.7835741711472942,0.9,63
2235,psychology,C,H,0.95,0.7905973541972884,0.95,66
2236,psychology,D,D,0.95,0.7507772270830979,0.95,66
2237,psychology,D,D,0.95,0.8499367716570589,0.95,70
2238,psychology,H,G,0.95,0.8409002406155006,0.95,96
2239,psychology,J,H,0.9,0.7202490931432247,0.9,116
2240,psychology,D,I,0.95,0.7270932570847267,0.95,58
2241,psychology,I,I,0.9,0.7641849283359091,0.9,97
2242,psychology,A,J,0.95,0.7829824761176817,0.4,66
2243,psychology,C,C,0.85,0.7237048885183384,0.85,119
2244,psychology,F,F,0.9,0.7940401104353088,0.9,80
2245,psychology,G,J,0.75,0.7247699013079164,0.75,131
2246,psychology,F,C,0.95,0.8008793275116756,0.95,145
2247,psychology,E,E,0.9,0.661713216644615,0.9,187
2248,psychology,A,G,0.95,0.7005886508845046,0.95,78
2249,psychology,B,B,0.95,0.8504040420755136,0.95,63
2250,psychology,B,B,0.95,0.7850210334221318,0.95,59
2251,psychology,B,B,0.95,0.8168794480890976,0.95,56
2252,psychology,F,F,0.95,0.775736021952434,0.95,60
2253,psychology,D,D,0.9,0.7065070020467358,0.9,136
2254,psychology,B,B,0.8,0.7840554252059643,0.8,58
2255,psychology,J,J,0.8,0.7095972933371799,0.8,136
2256,psychology,I,I,0.95,0.7728795916761202,0.95,88
2257,psychology,B,B,1.0,0.7814020469865676,0.8,147
2258,psychology,I,I,0.95,0.7682244366526065,0.95,212
2259,psychology,D,D,0.95,0.815102031204363,0.95,50
2260,psychology,A,A,0.95,0.7680028423892128,0.95,103
2261,psychology,D,D,0.95,0.6196871745893631,0.95,392
2262,psychology,A,C,0.85,0.7823999291783933,0.7,110
2263,psychology,B,B,0.95,0.7184606178196017,0.95,256
2264,psychology,J,G,0.9,0.7590129797902447,0.9,121
2265,psychology,F,E,0.97,0.7975696970252985,0.97,64
2266,psychology,I,B,0.85,0.7593538991253546,0.5,60
2267,psychology,C,D,0.95,0.8468831993254088,0.95,56
2268,psychology,G,G,0.95,0.8003226139837037,0.95,112
2269,psychology,G,G,0.95,0.8089685035994516,0.95,71
2270,psychology,D,D,0.95,0.6897398884269255,0.95,126
2271,psychology,D,D,0.9,0.8405230404057085,0.9,92
2272,psychology,J,J,0.9,0.7475849930996903,0.9,92
2273,psychology,E,E,1.0,0.8693484821263621,1.0,195
2274,psychology,D,D,0.9,0.756501486286987,0.9,97
2275,psychology,F,F,0.85,0.6632178263329265,0.8,96
2276,psychology,J,J,0.85,0.7742246689461463,0.85,104
2277,psychology,I,I,0.9,0.7982166098516258,0.9,89
2278,psychology,I,B,0.95,0.8299405083939722,0.95,52
2279,psychology,F,F,0.95,0.7915309590277481,0.95,211
2280,psychology,D,D,0.9,0.7765934756208784,0.9,58
2281,psychology,D,J,0.75,0.8605091148263633,0.0,59
2282,psychology,H,B,0.95,0.8188527409244634,0.95,80
2283,psychology,G,G,0.85,0.808186189540943,0.85,87
2284,psychology,I,G,0.95,0.7345811172165158,0.95,153
2285,psychology,D,B,0.9,0.7614590543423149,0.9,121
2286,psychology,A,B,0.9,0.6718730759688577,0.9,160
2287,psychology,G,G,0.9,0.7678621802459851,0.9,119
2288,psychology,B,E,0.9,0.7502935451662959,0.9,77
2289,psychology,H,G,0.8,0.6327899512966121,0.8,176
2290,psychology,E,H,0.9,0.8136302953471861,0.0,217
2291,psychology,I,D,0.6,0.7757765757806845,0.95,812
2292,psychology,F,G,0.9,0.7463128417143601,0.8,161
2293,psychology,A,A,1.0,0.8542988200175621,1.0,48
2294,psychology,D,D,0.95,0.7664027233350484,0.95,69
2295,psychology,H,H,0.95,0.7778101702486215,0.95,143
2296,psychology,G,F,0.95,0.6577205072141563,0.8,199
2297,psychology,H,F,0.95,0.7022541349981428,0.4,160
2298,psychology,F,F,0.95,0.8809001084577265,0.95,39
2299,psychology,B,B,0.9,0.6885750784590292,0.9,328
2300,psychology,I,C,0.8,0.6874896544015032,0.8,108
2301,psychology,J,J,1.0,0.8128300720527974,1.0,90
2302,psychology,D,D,0.9,0.7441253340852586,0.9,62
2303,psychology,E,E,0.95,0.8101462515377246,0.95,65
2304,psychology,B,B,1.0,0.8987266700145751,1.0,44
2305,psychology,A,A,0.95,0.8166467651411198,0.95,54
2306,psychology,I,E,0.95,0.8536366448915096,0.95,118
2307,psychology,E,I,0.9,0.7156566880279659,0.8,86
2308,psychology,C,C,0.9,0.8160108063755636,0.9,95
2309,psychology,E,E,0.95,0.7523141831389842,0.95,73
2310,psychology,C,C,1.0,0.7709543882057389,1.0,103
2311,psychology,I,H,0.95,0.769528412315734,0.0,230
2312,psychology,C,C,0.95,0.7058013444217799,0.9,109
2313,psychology,E,E,1.0,0.8929286419889115,0.8,70
2314,psychology,J,G,0.85,0.6770518584604526,0.7,88
2315,psychology,J,E,0.9,0.8947661593238095,0.9,114
2316,psychology,H,H,0.95,0.7291902924421482,0.95,145
2317,psychology,F,F,0.95,0.7523446318709153,0.95,91
2318,psychology,A,A,0.8,0.7296370271000804,0.0,85
2319,psychology,D,D,0.98,0.9429596349640887,0.98,184
2320,psychology,B,B,0.8,0.7348372871669868,0.8,217
2321,psychology,C,C,0.9,0.8104566492962226,0.9,84
2322,psychology,I,I,0.95,0.7812694055174602,0.95,76
2323,psychology,B,B,0.95,0.824670944430764,0.95,51
2324,psychology,H,H,1.0,0.7937658125807316,0.9,67
2325,psychology,G,G,0.9,0.7065506314158174,0.9,68
2326,psychology,C,C,0.95,0.7822166887498454,0.95,100
2327,psychology,B,B,0.95,0.7975589697343416,0.95,92
2328,psychology,G,G,1.0,0.8229123913047818,1.0,70
2329,psychology,I,A,0.8,0.7021521342115637,0.8,134
2330,psychology,E,D,0.9,0.7162699191868956,0.9,97
2331,psychology,F,F,0.9,0.865555994032907,0.9,98
2332,psychology,A,E,1.0,0.7604948767475804,0.9,75
2333,psychology,D,D,0.95,0.7410118821257672,0.95,124
2334,psychology,B,B,0.9,0.7355954733955985,0.9,59
2335,psychology,B,A,0.9,0.681605836195095,0.8,441
2336,psychology,H,H,0.85,0.8256772046334314,1.0,197
2337,psychology,C,C,0.95,0.8509861554886489,0.95,73
2338,psychology,E,I,0.95,0.6651220746448333,0.4,123
2339,psychology,G,G,0.8,0.7749491646866483,0.8,70
2340,psychology,H,H,0.92,0.7636307051717448,0.92,127
2341,psychology,C,C,0.95,0.6900003183361135,0.95,139
2342,psychology,F,E,0.9,0.7256302274399976,0.9,93
2343,psychology,D,E,0.9,0.7839814031509075,0.9,76
2344,psychology,F,D,0.9,0.670487752228339,0.9,134
2345,psychology,I,I,1.0,0.7532066345902096,0.9,68
2346,psychology,E,A,0.9,0.7291083545702024,0.9,119
2347,psychology,G,A,0.85,0.6739416914818307,0.85,141
2348,psychology,D,D,0.9,0.7266998429878166,0.9,205
2349,psychology,J,J,1.0,0.9352837321219404,1.0,74
2350,psychology,B,D,0.95,0.7299404650336007,0.95,140
2351,psychology,B,D,0.95,0.7071294517559703,0.95,180
2352,psychology,C,F,0.9,0.7652141015867663,0.9,72
2353,psychology,B,B,0.9,0.7862935501795997,0.9,58
2354,psychology,A,B,0.9,0.7980893265299475,0.9,174
2355,psychology,F,F,0.9,0.737455144368428,0.9,218
2356,psychology,J,J,0.9,0.7670909394513155,1.0,93
2357,psychology,D,D,0.95,0.8029997045604067,0.95,54
2358,psychology,H,H,0.9,0.805604764906986,0.9,163
2359,psychology,F,E,0.85,0.7087434524171025,0.85,366
2360,psychology,C,J,1.0,0.8293079204149265,0.8,39
2361,psychology,G,G,0.75,0.7805449677900702,0.75,299
2362,psychology,B,B,1.0,0.895402102275541,1.0,51
2363,psychology,E,D,0.95,0.8724869383702287,0.4,121
2364,psychology,G,G,0.95,0.7609311571930664,0.95,114
2365,psychology,G,G,0.85,0.7153546183800878,0.85,111
2366,psychology,D,D,0.9,0.7545927126593943,0.9,69
2367,psychology,C,,1.0,0.7175342904306014,0.9,167
2368,psychology,C,C,1.0,0.8705325421955858,1.0,95
2369,psychology,I,I,0.95,0.7429456934669114,0.95,151
2370,psychology,C,I,0.8,0.8231157222115413,0.8,154
2371,psychology,B,B,0.95,0.7947018367750271,0.95,71
2372,psychology,C,C,0.95,0.7917391046220768,0.95,48
2373,psychology,C,C,0.95,0.8284087653524772,0.95,60
2374,psychology,I,I,0.95,0.794023268154281,0.95,125
2375,psychology,E,E,0.95,0.7426233716688472,0.95,82
2376,psychology,I,H,0.6,0.6564374791025269,0.2,147
2377,psychology,B,B,0.9,0.8335793918074178,0.9,99
2378,psychology,D,A,,0.8286926387906391,,137
2379,psychology,I,I,0.95,0.8278005088959042,0.95,125
2380,psychology,J,J,0.95,0.7973924781192677,0.95,72
2381,psychology,G,G,0.95,0.7568448271352994,0.9,67
2382,psychology,A,A,1.0,0.8856136456094356,1.0,85
2383,psychology,F,F,0.9,0.6330875494798928,0.9,128
2384,psychology,A,E,0.85,0.755828929143995,0.85,63
2385,psychology,E,E,0.9,0.7660770154814076,0.9,81
2386,psychology,H,H,0.9,0.7014266369091363,0.9,105
2387,psychology,C,C,0.95,0.7314969311034346,0.95,68
2388,psychology,H,G,0.95,0.7692493666550345,0.8,99
2389,psychology,A,C,0.9,0.8443044516313446,0.9,72
2390,psychology,I,I,0.9,0.7374050211881691,0.9,105
2391,psychology,G,G,1.0,0.7710284762514658,1.0,116
2392,psychology,D,D,1.0,0.7757151956566237,0.9,111
2393,psychology,C,B,0.95,0.8572654045113185,0.95,66
2394,psychology,A,G,0.95,0.8206484786009964,0.95,69
2395,psychology,B,B,0.95,0.8021585281235816,0.95,107
2396,psychology,D,D,0.95,0.7750716941100896,0.95,85
2397,psychology,F,D,0.9,0.7524646372215162,0.9,85
2398,psychology,C,C,0.95,0.7347478294318073,0.95,86
2399,psychology,C,A,0.95,0.7290074503542439,0.95,69
2400,psychology,J,J,0.9,0.7934358543157695,0.9,107
2401,psychology,H,H,0.95,0.7229959234783072,0.95,82
2402,psychology,G,A,0.95,0.801148136460849,0.95,196
2403,psychology,G,I,0.97,0.7405884743170047,0.97,69
2404,psychology,E,E,1.0,0.7698643820171969,0.95,67
2405,psychology,E,H,0.95,0.8391140260603636,0.95,56
2406,psychology,C,B,0.75,0.7861270329174913,0.9,543
2407,psychology,G,D,0.95,0.7718916534569674,0.95,88
2408,psychology,C,C,0.95,0.804449412237695,0.95,68
2409,psychology,E,F,0.95,0.7463558165288664,0.0,210
2410,psychology,F,H,0.95,0.74699893913917,0.8,141
2411,psychology,I,J,0.9,0.7077863510622892,0.9,195
2412,psychology,B,B,0.9,0.7627482728716782,0.9,49
2413,psychology,H,G,0.9,0.7664094727808001,0.9,72
2414,psychology,B,B,0.95,0.736785461740793,0.95,51
2415,psychology,F,F,0.85,0.8503778803410993,0.85,52
2416,psychology,J,J,0.95,0.7353927406545482,0.95,123
2417,psychology,G,H,0.9,0.7744921309519444,0.4,83
2418,psychology,B,B,1.0,0.7728560020275483,0.95,127
2419,psychology,H,H,0.85,0.8660943886138078,0.85,42
2420,psychology,D,D,0.95,0.7676525543909404,0.95,181
2421,psychology,G,G,0.95,0.7814603943720471,0.95,157
2422,psychology,B,E,0.9,0.7230772675678199,0.8,98
2423,psychology,A,A,0.95,0.8569147913966467,0.95,50
2424,psychology,H,H,1.0,0.853360317726761,1.0,94
2425,psychology,J,E,1.0,0.7686836109118454,0.95,149
2426,psychology,E,E,1.0,0.8510652035276586,1.0,85
2427,psychology,C,B,0.95,0.7344973702050305,0.9,66
2428,psychology,B,B,0.85,0.8216277735612803,0.875,390
2429,psychology,B,H,0.95,0.8002744836495771,0.95,90
2430,psychology,E,E,0.9,0.8114904170656017,0.9,80
2431,psychology,A,A,0.95,0.796062602728546,1.0,64
2432,psychology,D,D,0.95,0.804174047028419,0.95,69
2433,psychology,J,F,0.95,0.7997372041539166,0.0,80
2434,psychology,D,D,0.9,0.8173558571771946,0.9,55
2435,psychology,A,A,0.95,0.7430518957992867,0.95,246
2436,psychology,E,E,0.95,0.7372335226583406,0.95,87
2437,psychology,G,E,1.0,0.7822829692483936,0.8,82
2438,psychology,B,E,0.9,0.8178966426370574,0.9,117
2439,psychology,H,H,0.8,0.7234719965898105,0.8,62
2440,psychology,H,B,0.95,0.7928166512695509,0.4,105
2441,psychology,E,D,1.0,0.7363982996721485,0.8,185
2442,psychology,H,H,0.9,0.716627611441212,0.95,112
2443,psychology,I,I,0.9,0.8088901784282692,0.9,49
2444,psychology,B,B,0.85,0.7736691832493626,0.85,45
2445,psychology,G,G,0.9,0.7243968193364247,0.9,81
2446,psychology,D,D,0.8,0.7182213103865601,0.8,79
2447,psychology,A,A,0.95,0.7625998613304162,0.95,105
2448,psychology,D,D,0.9,0.7427855005067563,0.9,115
2449,psychology,B,J,0.9,0.6844359939359995,0.2,150
2450,psychology,I,I,1.0,0.7319198334465223,1.0,67
2451,psychology,A,A,0.9,0.7044256392015074,0.9,134
2452,psychology,A,A,0.99,0.9279057253649271,1.0,145
2453,psychology,A,A,0.85,0.8167924336175851,0.85,62
2454,psychology,H,H,0.9,0.8313220049601416,0.9,76
2455,psychology,J,G,0.9,0.7545823390992596,0.9,116
2456,psychology,A,A,0.9,0.743628969090691,0.9,107
2457,psychology,A,G,0.95,0.7950333734765168,0.95,83
2458,psychology,B,A,0.9,0.6910809110202395,0.9,164
2459,psychology,D,J,0.95,0.7699919361060283,0.95,96
2460,psychology,I,I,0.95,0.8430039379087724,0.95,146
2461,psychology,D,D,0.9,0.7410946630273301,0.9,71
2462,psychology,F,C,0.95,0.7529036077778131,0.95,119
2463,psychology,B,I,0.85,0.7413388853104484,0.85,76
2464,psychology,F,F,0.95,0.7368665734093749,0.95,99
2465,psychology,E,I,0.95,0.8123659890151705,0.0,79
2466,psychology,A,D,0.9,0.7972915406804106,0.5,99
2467,psychology,H,F,0.75,0.7286961692019963,0.75,200
2468,psychology,E,E,0.95,0.8315750175205101,0.95,64
2469,psychology,G,I,0.8,0.7405358741475472,0.4,145
2470,psychology,B,B,0.85,0.729359277293244,0.85,68
2471,psychology,E,C,0.9,0.7927238285419946,0.4,66
2472,psychology,D,D,0.95,0.8738557885571244,0.95,130
2473,psychology,C,B,0.75,0.6880784060215889,0.75,137
2474,psychology,H,I,0.7,0.800912484442651,0.9,113
2475,psychology,A,A,0.95,0.8499443496605648,0.95,62
2476,psychology,B,B,1.0,0.822894723883069,1.0,98
2477,psychology,C,C,0.85,0.8205126320984181,0.85,37
2478,psychology,B,B,0.9,0.7875649828188049,0.7,74
2479,psychology,G,C,0.9,0.7667822189535523,0.9,84
2480,psychology,C,C,0.95,0.8008038487864911,0.95,89
2481,psychology,I,G,0.85,0.7829209852825467,0.85,64
2482,psychology,C,C,0.95,0.8628770257942759,0.95,129
2483,psychology,C,C,0.9,0.7783403033246199,0.9,87
2484,psychology,C,B,1.0,0.7932191216772426,0.0,104
2485,psychology,C,C,0.9,0.6818388744039084,0.9,102
2486,psychology,B,E,0.95,0.7960646690359545,0.95,75
2487,psychology,G,G,0.85,0.7940424958261473,0.85,73
2488,psychology,F,B,0.9,0.7470446268032364,0.9,102
2489,psychology,F,J,0.7,0.729364962532515,0.3,68
2490,psychology,B,B,1.0,0.9151676243629328,1.0,57
2491,psychology,B,C,1.0,0.6880882164181507,1.0,59
2492,psychology,G,I,0.5,0.7191955122518965,0.0,74
2493,psychology,A,A,0.9,0.8350950243508525,0.9,54
2494,psychology,F,F,0.85,0.7955408512583992,0.9,61
2495,psychology,A,A,0.95,0.8903197630059445,1.0,114
2496,psychology,B,B,1.0,0.8092936185316784,0.9,88
2497,psychology,J,J,0.95,0.6747007973605061,0.95,165
2498,psychology,B,B,0.9,0.7651231520700456,0.9,79
2499,psychology,D,D,0.95,0.7997142654388315,0.95,50
2500,psychology,D,D,0.8,0.8108126296923114,1.0,103
2501,psychology,H,H,0.95,0.8599436136945285,0.95,49
2502,psychology,F,F,0.9,0.7483186506732046,0.9,101
2503,psychology,I,B,1.0,0.8170527620451004,0.9,118
2504,psychology,F,F,0.95,0.7351657419351727,0.95,104
2505,psychology,B,B,1.0,0.9063896513737871,1.0,50
2506,psychology,J,J,0.8,0.7433489538453272,0.8,87
2507,psychology,G,G,0.9,0.8014128304027246,0.9,110
2508,psychology,E,E,0.9,0.8887917778819325,0.9,102
2509,psychology,E,E,0.95,0.7716023417236969,0.95,140
2510,psychology,G,G,0.9,0.7652420894471146,0.9,103
2511,psychology,F,B,0.9,0.8116098344237078,0.95,96
2512,psychology,B,B,0.95,0.7008292548455025,0.95,195
2513,psychology,C,C,0.95,0.7665481274027767,0.95,90
2514,psychology,F,B,0.9,0.7807249988854117,0.9,78
2515,psychology,F,A,0.95,0.8336986223580709,0.95,64
2516,psychology,H,H,0.9,0.7746443341207265,0.9,117
2517,psychology,F,F,0.8,0.7010163232995394,0.9,97
2518,psychology,A,C,0.95,0.8183451665871343,0.95,51
2519,psychology,G,H,0.95,0.6373851307887097,0.95,213
2520,psychology,E,A,0.85,0.6984984952279214,0.6,76
2521,psychology,G,G,0.85,0.6919093586314481,0.85,212
2522,psychology,J,G,0.8,0.6996542443520332,0.8,59
2523,psychology,C,A,0.5,0.7771628864163006,0.9,483
2524,psychology,A,A,1.0,0.8186370077065662,1.0,131
2525,psychology,I,I,0.9,0.7830814656355941,0.9,87
2526,psychology,E,F,0.9,0.78046912125625,0.8,77
2527,psychology,D,D,0.95,0.8246472881089577,0.95,67
2528,psychology,B,B,1.0,0.8368001469573042,0.8,73
2529,psychology,J,J,0.95,0.8105083145729967,0.9,68
2530,psychology,G,B,0.8,0.8007453627797279,0.8,56
2531,psychology,E,E,0.95,0.8414086967398635,0.95,60
2532,psychology,H,H,0.95,0.808664963271585,0.95,65
2533,psychology,F,F,1.0,0.8471055215934429,1.0,46
2534,psychology,A,A,0.9,0.8000599338816446,0.9,92
2535,psychology,C,E,0.9,0.7241235572453258,0.9,63
2536,psychology,J,B,0.95,0.861571254105265,0.9,98
2537,psychology,J,G,0.9,0.8249252158498278,0.9,115
2538,psychology,I,D,1.0,0.786643791838101,1.0,63
2539,psychology,J,B,0.85,0.7573383878464743,0.8,227
2540,psychology,D,D,0.95,0.8182130012216415,0.95,75
2541,psychology,I,B,0.9,0.814106584561411,0.9,73
2542,psychology,H,B,0.95,0.7501172664352188,0.95,85
2543,psychology,D,D,0.95,0.7271995380124953,0.95,113
2544,psychology,B,J,1.0,0.8119378453223428,0.0,104
2545,psychology,G,A,0.9,0.7601236111866793,0.8,106
2546,psychology,H,H,0.85,0.7907848877203953,0.85,61
2547,psychology,A,E,0.95,0.8209756054521485,0.6,52
2548,psychology,I,C,0.95,0.9129992449081191,0.95,73
2549,psychology,C,C,0.95,0.7515613654786247,0.95,62
2550,psychology,G,C,0.95,0.9281288531698105,0.95,54
2551,psychology,I,I,0.9,0.7456402851659464,0.9,104
2552,psychology,H,D,0.9,0.8390683630064517,0.9,68
2553,psychology,B,B,0.85,0.8276431784700848,0.85,102
2554,psychology,E,E,0.9,0.7908100156770177,0.9,68
2555,psychology,C,C,0.9,0.7724438492305478,0.9,70
2556,psychology,I,I,0.95,0.810968201957198,0.95,86
2557,psychology,D,D,0.9,0.7637091728972264,0.9,75
2558,psychology,B,B,1.0,0.8218643035741565,1.0,113
2559,psychology,J,J,1.0,0.8177976547160447,0.95,98
2560,psychology,E,E,1.0,0.8088848128423562,1.0,130
2561,psychology,G,G,0.95,0.8282262108479294,0.95,83
2562,psychology,J,J,0.95,0.8687314556661585,0.95,108
2563,psychology,A,A,0.9,0.8504455746357326,0.9,74
2564,psychology,E,E,0.95,0.7840114178408302,0.95,92
2565,psychology,A,A,0.95,0.7390057925082523,0.95,73
2566,psychology,F,F,0.95,0.778499154373421,0.9,67
2567,psychology,B,E,0.9,0.7411207108350348,0.9,70
2568,psychology,C,C,0.9,0.7052077960043185,0.9,265
2569,psychology,H,F,0.95,0.6816259677805353,0.95,83
2570,psychology,F,A,0.9,0.8116987437847418,0.9,56
2571,psychology,G,G,0.95,0.76862629049611,0.95,144
2572,psychology,E,E,0.95,0.7272571607423209,0.95,84
2573,psychology,I,I,0.9,0.840879719309599,0.9,76
2574,psychology,H,F,0.2,0.7288860493770761,0.59,481
2575,psychology,F,F,0.9,0.811046745424221,0.9,91
2576,psychology,F,,0.95,0.8476784621353428,0.8,373
2577,psychology,C,D,0.95,0.8032763105271755,0.95,76
2578,psychology,D,B,0.9,0.8275142293556188,0.7,77
2579,psychology,D,D,0.75,0.7868473319235063,0.7,55
2580,psychology,I,I,0.95,0.7754622883880606,0.95,92
2581,psychology,H,H,0.9,0.7535874774619669,0.9,113
2582,psychology,G,G,0.8,0.6744795077626726,0.8,236
2583,psychology,G,E,0.9,0.8538770014509135,0.4,44
2584,psychology,F,F,0.9,0.8560333804590555,0.4,173
2585,psychology,E,J,0.85,0.6807221315721894,0.4,99
2586,psychology,E,E,0.8,0.7311860848917145,0.8,132
2587,psychology,E,H,0.85,0.7117894238163922,0.85,56
2588,psychology,H,H,0.95,0.8121550305261273,0.95,91
2589,psychology,C,J,0.95,0.774979651297668,0.0,64
2590,psychology,E,A,0.95,0.8154848443770946,0.95,51
2591,psychology,H,B,0.9,0.824518760272948,0.9,67
2592,psychology,C,D,0.8,0.8257948537915016,0.8,82
2593,psychology,H,F,0.95,0.7566818397021986,0.95,74
2594,psychology,H,C,0.85,0.7255256437435605,0.6,64
2595,psychology,F,B,0.9,0.8140060748659836,0.9,107
2596,psychology,J,J,0.95,0.8026261331255693,0.95,65
2597,psychology,B,B,0.9,0.7868845907087184,0.9,83
2598,psychology,J,C,0.95,0.797627594062666,0.95,72
2599,psychology,A,A,0.95,0.716063241738093,0.9,140
2600,psychology,E,E,0.9,0.8345577515576856,0.9,68
2601,psychology,H,F,1.0,0.8985624304637637,0.0,72
2602,psychology,C,C,0.95,0.8043627738919568,0.95,57
2603,psychology,B,B,0.85,0.7781894311424559,0.6,73
2604,psychology,A,A,0.95,0.7703251740934518,0.95,74
2605,psychology,C,C,0.85,0.772349928336017,0.85,133
2606,psychology,G,B,0.9,0.822550750052109,0.9,58
2607,psychology,H,H,0.9,0.7504545555591441,0.9,93
2608,psychology,D,D,0.9,0.7632843650538822,0.9,196
2609,psychology,F,E,0.85,0.7684935600950822,0.85,199
2610,psychology,F,F,0.9,0.8413243560352415,0.9,94
2611,psychology,E,I,0.9,0.7718985268998139,0.9,72
2612,psychology,D,D,1.0,0.8591826275930986,0.95,146
2613,psychology,F,F,0.8,0.7808052744120711,0.9,89
2614,psychology,C,C,0.95,0.7070199658941667,0.95,87
2615,psychology,D,D,0.95,0.821800285454344,0.95,56
2616,psychology,J,H,0.8,0.7540276142280378,0.8,117
2617,psychology,B,B,0.95,0.7210860533410134,0.95,94
2618,psychology,B,B,0.95,0.6615297267065761,0.95,419
2619,psychology,I,I,0.9,0.7070826735126122,0.9,81
2620,psychology,E,E,0.9,0.7790964858771908,0.9,93
2621,psychology,B,B,1.0,0.8452876486416627,1.0,100
2622,psychology,B,B,0.9,0.7906583304658857,0.9,78
2623,psychology,B,J,0.95,0.7211897713024715,0.7,103
2624,psychology,D,D,0.95,0.7897827835045046,0.95,149
2625,psychology,F,F,0.9,0.8135950215868678,0.9,102
2626,psychology,C,C,0.95,0.888852272619575,0.95,55
2627,psychology,H,E,1.0,0.8893408169164083,0.0,109
2628,psychology,H,H,0.9,0.7967954255412285,0.9,59
2629,psychology,F,F,0.95,0.846590672220591,0.95,60
2630,psychology,H,H,0.9,0.8176650218283671,0.9,93
2631,psychology,D,D,1.0,0.7570201118711699,0.9,211
2632,psychology,F,F,0.95,0.8375054077629347,0.95,73
2633,psychology,F,F,0.95,0.8019562373762382,0.95,40
2634,psychology,I,I,0.9,0.84028768452765,0.9,104
2635,psychology,E,E,0.95,0.7180151520433549,0.95,109
2636,psychology,F,B,0.85,0.7378785813454327,0.85,87
2637,psychology,C,A,0.9,0.7048842070539251,0.7,120
2638,psychology,B,B,0.9,0.7785298390309063,0.9,72
2639,psychology,G,G,0.95,0.7263091566658274,0.95,101
2640,psychology,D,D,0.95,0.8583880320241593,0.95,58
2641,psychology,I,I,0.95,0.8528281571199606,0.95,54
2642,psychology,H,F,0.9,0.6713365902087494,0.9,139
2643,psychology,I,I,0.95,0.7156327611943311,0.95,112
2644,psychology,E,E,0.95,0.8428597464721502,0.95,60
2645,psychology,D,D,0.9,0.8096452154054186,0.9,96
2646,psychology,I,J,0.9,0.7434557489328693,0.8,105
2647,psychology,D,B,0.8,0.7290353018108148,0.8,89
2648,psychology,A,F,0.85,0.7757068611935896,0.8,71
2649,psychology,B,B,0.8,0.7574693120405945,0.9,74
2650,psychology,D,D,0.8,0.6053825118806492,0.8,272
2651,psychology,E,E,0.95,0.7519917993921862,0.95,91
2652,psychology,I,A,0.9,0.7497392031057236,0.7,109
2653,psychology,F,C,1.0,0.8878333611814941,0.6,65
2654,psychology,H,E,0.98,0.7387096013858188,0.98,259
2655,psychology,E,F,0.95,0.8083798183138576,0.95,53
2656,psychology,G,D,0.95,0.7213210337540469,0.0,174
2657,psychology,H,H,0.98,0.7826909455954917,49.49,60
2658,psychology,A,C,0.85,0.6954932630667788,0.85,129
2659,psychology,G,G,0.95,0.8725491284914316,0.8,61
2660,psychology,G,G,0.9,0.7793175251665635,0.9,46
2661,psychology,B,B,0.9,0.8781371101680252,0.9,84
2662,psychology,A,A,0.95,0.8336177992685537,0.95,95
2663,psychology,H,H,0.9,0.758785780117542,0.95,471
2664,psychology,F,F,0.85,0.7668396283477682,0.95,89
2665,psychology,D,D,0.9,0.7059565786086205,0.9,282
2666,psychology,D,D,0.9,0.7348837131936736,0.9,100
2667,psychology,I,E,0.9,0.8527418216239402,0.4,68
2668,psychology,A,A,0.9,0.7358267417034985,0.9,114
2669,psychology,E,D,0.9,0.7280352057789207,0.9,81
2670,psychology,B,B,0.95,0.852292563185395,0.95,56
2671,psychology,G,C,0.9,0.7178443976822595,0.0,102
2672,psychology,B,B,0.95,0.7477282889743219,0.95,113
2673,psychology,G,G,0.95,0.8800686703154743,0.95,82
2674,psychology,F,H,0.95,0.8549400918940941,0.95,161
2675,psychology,I,I,0.9,0.7354282139865447,0.9,181
2676,psychology,E,D,0.9,0.8028810659674591,0.9,50
2677,psychology,D,D,0.95,0.7529064840691219,0.95,88
2678,psychology,B,C,0.75,0.745102341591795,0.7,67
2679,psychology,B,C,0.95,0.7564461730531377,0.8,460
2680,psychology,D,D,0.95,0.8467349920093393,0.95,106
2681,psychology,H,H,0.95,0.8042776443196921,0.95,102
2682,psychology,B,B,1.0,0.9356077305410417,1.0,121
2683,psychology,I,I,0.95,0.8112628964620775,0.95,80
2684,psychology,C,C,1.0,0.8257718254314486,1.0,69
2685,psychology,C,B,0.95,0.803528825052541,0.95,115
2686,psychology,G,G,0.95,0.8224668943241189,0.95,77
2687,psychology,C,C,0.95,0.7587600069841576,0.95,106
2688,biology,B,G,0.9,0.6048200676000429,0.6,219
2689,biology,D,D,0.95,0.872308796668178,0.95,83
2690,biology,C,D,1.0,0.8071847419759232,0.0,79
2691,biology,I,H,1.0,0.7109658440009005,0.8,96
2692,biology,C,D,0.95,0.7481474707566514,0.0,90
2693,biology,A,A,0.95,0.8798101287651608,0.95,45
2694,biology,F,F,0.95,0.8320193305147213,0.95,64
2695,biology,F,C,0.95,0.8103914477938611,0.0,92
2696,biology,H,F,0.95,0.6842061356354039,0.4,207
2697,biology,D,D,1.0,0.8095099317003807,1.0,113
2698,biology,A,A,1.0,0.8229693444249042,1.0,122
2699,biology,A,E,0.9,0.8150651550697442,0.4,68
2700,biology,G,G,0.9,0.7792596860097211,0.9,95
2701,biology,E,E,0.95,0.7574978413159652,0.95,292
2702,biology,D,D,0.95,0.7526453900065144,0.95,190
2703,biology,C,C,0.95,0.8126114722154765,0.95,126
2704,biology,A,B,0.9,0.8092748299293018,0.9,225
2705,biology,I,J,0.85,0.710262989540104,0.85,335
2706,biology,J,J,0.95,0.7796601329033102,0.95,101
2707,biology,F,E,0.95,0.7686310056090401,0.95,64
2708,biology,G,G,0.95,0.7584423036273804,0.95,125
2709,biology,J,C,0.8,0.8322020751297111,0.8,94
2710,biology,D,B,0.92,0.726510778436428,0.92,260
2711,biology,I,A,0.95,0.8096543104351617,0.95,127
2712,biology,E,E,0.85,0.8603131142106945,0.85,40
2713,biology,B,B,1.0,0.8588934973757641,1.0,93
2714,biology,I,I,0.95,0.7548235726031521,0.95,118
2715,biology,A,C,0.98,0.7932867022956833,0.2,302
2716,biology,H,B,1.0,0.8279744077003376,0.9,289
2717,biology,G,H,1.0,0.8399174304061974,1.0,137
2718,biology,E,I,0.95,0.7898977953170185,0.0,111
2719,biology,H,A,0.95,0.842601073374788,1.0,194
2720,biology,A,D,0.95,0.7959360931885784,0.95,113
2721,biology,H,E,1.0,0.819149813814688,0.0,234
2722,biology,H,H,0.8,0.6590588211327287,0.8,177
2723,biology,H,H,0.9,0.7902838626856816,0.9,99
2724,biology,E,E,1.0,0.8130479364100756,1.0,97
2725,biology,A,A,0.85,0.8858059334725848,0.85,58
2726,biology,G,A,0.9,0.7637390102982696,0.9,94
2727,biology,B,B,0.9,0.7955691171422317,0.9,92
2728,biology,G,C,0.95,0.7593875571038982,0.4,97
2729,biology,D,D,0.9,0.8331378968453798,0.9,110
2730,biology,F,F,0.95,0.7728272993077977,0.95,48
2731,biology,D,D,0.95,0.7524029812943307,0.95,128
2732,biology,D,D,0.95,0.7314531035952367,0.8,84
2733,biology,A,A,0.95,0.8098600919456616,0.95,70
2734,biology,C,C,0.95,0.8174222216315395,0.95,117
2735,biology,I,I,0.95,0.8135903925314942,0.95,63
2736,biology,A,A,0.95,0.7726785535429493,0.95,90
2737,biology,G,G,0.85,0.7731879901937087,0.85,48
2738,biology,D,D,0.95,0.8505149934001143,0.95,50
2739,biology,I,I,1.0,0.878953404068775,1.0,39
2740,biology,H,H,0.95,0.798378312395502,0.95,62
2741,biology,I,G,0.9,0.83541871826457,0.9,94
2742,biology,C,C,1.0,0.8634146370729309,1.0,73
2743,biology,F,F,0.8,0.7345494296714274,0.8,166
2744,biology,H,J,0.95,0.7738412932039683,0.95,61
2745,biology,H,H,0.9,0.8646916867327933,0.9,64
2746,biology,C,C,0.95,0.8109941483381676,0.95,53
2747,biology,I,I,0.95,0.8815629163307399,0.95,81
2748,biology,C,C,0.95,0.8510711875144535,0.95,118
2749,biology,H,H,0.95,0.8440058413335793,0.95,74
2750,biology,E,E,0.9,0.8088479483576182,0.9,99
2751,biology,I,D,0.95,0.9042040268040089,0.95,110
2752,biology,E,H,0.7,0.7961756024059345,0.0,64
2753,biology,J,J,0.9,0.8724114749628951,0.9,67
2754,biology,A,I,0.95,0.8498498604788325,0.0,74
2755,biology,I,G,0.95,0.7642026983024919,0.8,93
2756,biology,G,G,0.95,0.84872297080231,0.95,114
2757,biology,D,D,0.95,0.8726515802973906,0.95,66
2758,biology,F,F,0.95,0.8133592403334015,0.95,67
2759,biology,E,E,0.95,0.7519311501769123,0.95,138
2760,biology,A,A,0.95,0.7925528891382693,0.95,59
2761,biology,F,J,0.9,0.8316145925545498,1.0,121
2762,biology,G,B,1.0,0.8171679608499319,0.2,272
2763,biology,F,D,0.9,0.7960528933548683,0.9,149
2764,biology,G,G,0.9,0.8160333407673934,0.9,284
2765,biology,E,E,1.0,0.897750274965487,1.0,67
2766,biology,F,F,0.95,0.843108503232075,0.95,62
2767,biology,H,H,0.98,0.8958645613216354,0.98,267
2768,biology,B,C,0.6,0.697647891165044,0.6,132
2769,biology,I,I,0.95,0.8435038623237369,0.95,61
2770,biology,J,A,1.0,0.7877712974595068,0.6,129
2771,biology,F,D,0.85,0.7453527325686048,0.85,157
2772,biology,E,C,1.0,0.9058700055790524,0.0,266
2773,biology,I,I,1.0,0.7197851566091472,1.0,711
2774,biology,A,B,0.9,0.8662983339291279,0.0,110
2775,biology,J,B,0.9,0.771821110768494,0.0,121
2776,biology,B,E,0.9,0.7203518174623995,0.85,184
2777,biology,D,A,0.9,0.7141164915061234,0.8,196
2778,biology,G,,0.0,0.8330827228274804,0.4,178
2779,biology,E,J,0.85,0.7631656357921757,0.85,144
2780,biology,E,E,0.9,0.7763328621212187,0.9,102
2781,biology,G,G,0.95,0.8804126121602872,0.95,152
2782,biology,B,B,0.95,0.8650120416984346,0.95,75
2783,biology,J,D,0.9,0.8563523143233438,0.9,60
2784,biology,H,H,0.95,0.7332904356070936,0.7,83
2785,biology,H,H,0.9,0.7928451322676825,0.8,109
2786,biology,A,D,0.9,0.8154005084518455,0.9,88
2787,biology,A,A,1.0,0.8191422068203128,0.9,144
2788,biology,F,F,0.9,0.7171820361832311,0.9,237
2789,biology,E,E,0.95,0.713799473151084,0.95,164
2790,biology,B,B,0.9,0.8367159711026019,0.9,82
2791,biology,C,C,0.95,0.8664944402001192,0.95,90
2792,biology,A,A,0.95,0.8166269859604185,0.95,47
2793,biology,E,E,0.85,0.6951502175755636,0.85,217
2794,biology,J,J,0.95,0.7637366148518583,0.95,75
2795,biology,B,B,0.95,0.7702184583157321,0.7,66
2796,biology,C,C,0.95,0.8336256712184735,0.95,141
2797,biology,F,F,0.95,0.8384448457042099,0.95,84
2798,biology,C,B,0.85,0.7964201609414245,0.0,92
2799,biology,G,G,1.0,0.8289083142956742,0.9,157
2800,biology,E,E,0.9,0.7609692683832124,0.9,93
2801,biology,J,I,0.95,0.7625705656401395,0.95,154
2802,biology,F,F,0.95,0.8217318074486509,0.95,124
2803,biology,D,D,0.85,0.7543055645004946,0.85,77
2804,biology,C,H,0.8,0.7682316487870765,0.7,87
2805,biology,C,C,0.95,0.8758884292158517,0.95,75
2806,biology,J,J,0.95,0.7990938416018053,0.95,94
2807,biology,D,D,0.9,0.8438229980292794,0.9,72
2808,biology,I,D,0.7,0.7605965431940978,0.0,156
2809,biology,C,C,0.95,0.7795038880439241,0.95,206
2810,biology,C,C,0.9,0.8125259884936574,0.9,134
2811,biology,C,C,1.0,0.8250287813585815,0.8,88
2812,biology,B,B,0.95,0.8730172090538596,0.95,120
2813,biology,C,C,0.95,0.8240535324714819,0.95,74
2814,biology,B,B,0.9,0.8626980804154484,0.9,79
2815,biology,D,F,0.95,0.756692634653642,0.95,205
2816,biology,F,J,0.95,0.7933405967725043,0.6,115
2817,biology,G,G,0.95,0.8749271506358653,0.95,95
2818,biology,D,D,0.95,0.8787119667264345,0.95,95
2819,biology,D,B,0.9,0.7644803926949824,0.2,96
2820,biology,B,D,0.9,0.7964207707027152,0.9,96
2821,biology,B,G,0.95,0.8513455376865926,0.0,142
2822,biology,C,G,0.95,0.6956540813871244,0.0,134
2823,biology,J,J,0.95,0.821337089271275,0.95,53
2824,biology,G,G,0.85,0.8692721485775686,0.85,60
2825,biology,C,F,0.95,0.8613587375902609,0.95,389
2826,biology,I,I,0.95,0.8302613483127114,0.95,69
2827,biology,I,I,0.95,0.8285608842124349,0.95,51
2828,biology,I,B,1.0,0.8893582101070746,0.0,119
2829,biology,F,F,0.95,0.843291004451486,0.95,42
2830,biology,I,I,0.95,0.7417872643368667,0.95,262
2831,biology,F,F,0.95,0.8789824149508864,0.95,146
2832,biology,B,B,0.95,0.7967159105892165,0.95,107
2833,biology,J,J,0.9,0.7731814305838308,0.9,89
2834,biology,H,H,0.95,0.837332508755263,0.95,106
2835,biology,J,E,0.95,0.8783640683218292,0.95,122
2836,biology,F,D,0.9,0.7498045537398945,0.7,175
2837,biology,G,G,0.95,0.813059083264325,0.95,139
2838,biology,G,G,0.95,0.840832021451179,0.9,74
2839,biology,D,D,1.0,0.8125468739926979,0.7,367
2840,biology,C,G,0.9,0.7203318052783538,0.9,218
2841,biology,H,H,0.95,0.7074643052090627,0.95,141
2842,biology,C,C,0.95,0.7561406765518345,0.95,289
2843,biology,A,A,0.95,0.7945776367558477,0.95,116
2844,biology,E,E,0.85,0.8278932301067851,0.85,58
2845,biology,I,I,0.9,0.7602959938569659,0.9,184
2846,biology,D,D,0.95,0.7462239654054267,0.4,183
2847,biology,A,G,0.95,0.8076147056758686,0.95,104
2848,biology,H,H,0.95,0.7929184454706433,0.95,133
2849,biology,G,G,0.95,0.7087432126177289,0.0,159
2850,biology,I,C,0.95,0.7486844531186054,0.4,194
2851,biology,E,E,0.95,0.8081608830676449,0.95,88
2852,biology,G,G,0.9,0.7475034870032856,0.9,287
2853,biology,F,F,0.95,0.7263622148861473,0.95,168
2854,biology,A,A,0.98,0.7478821728498971,0.98,58
2855,biology,B,B,0.8,0.5648433441963165,,1683
2856,biology,E,E,0.95,0.7282961429943893,0.95,450
2857,biology,D,D,0.95,0.8616579162543684,0.95,78
2858,biology,F,F,0.95,0.8014512308919782,0.95,72
2859,biology,B,B,0.8,0.7012379452769568,0.7,152
2860,biology,D,D,0.95,0.8250582659977592,0.6,96
2861,biology,I,I,0.95,0.7450644165725214,0.95,156
2862,biology,F,F,0.95,0.8398686813029698,0.95,121
2863,biology,I,I,0.95,0.8545826415750921,0.95,47
2864,biology,J,H,0.95,0.848167247768569,0.6,61
2865,biology,I,I,0.9,0.6682671308063556,0.9,191
2866,biology,J,J,0.95,0.8652078648412261,0.95,57
2867,biology,C,C,0.95,0.8515634983989563,0.95,88
2868,biology,A,B,0.9,0.866828387081233,0.5,98
2869,biology,D,D,0.9,0.7374877558003013,0.9,94
2870,biology,C,H,0.9,0.8284956852613155,0.9,52
2871,biology,J,J,0.95,0.8643736127025095,0.95,62
2872,biology,I,I,0.9,0.7896784996501233,0.9,88
2873,biology,F,F,0.95,0.8646798069909355,0.95,79
2874,biology,G,G,0.9,0.8402824746455756,0.9,72
2875,biology,A,D,0.92,0.6731548665636359,,1677
2876,biology,B,D,0.9,0.7409231467242535,0.0,75
2877,biology,B,B,0.99,0.8268288108607483,1.0,113
2878,biology,F,F,0.95,0.7908736249100333,0.8,73
2879,biology,I,B,0.95,0.7414211147635087,0.8,80
2880,biology,D,J,0.9,0.8427200348071497,0.9,101
2881,biology,I,J,0.95,0.7899727783593801,0.95,195
2882,biology,I,G,0.95,0.829973251295088,0.0,74
2883,biology,H,H,0.95,0.7713733178317114,0.95,182
2884,biology,A,A,0.95,0.7410122204908781,0.95,122
2885,biology,J,B,0.95,0.8175406482044763,0.4,182
2886,biology,G,G,0.95,0.7408949943486912,0.95,109
2887,biology,C,C,0.9,0.8520141713569263,0.9,91
2888,biology,E,E,1.0,0.794385251394173,0.9,69
2889,biology,E,E,1.0,0.8024767755929253,0.9,128
2890,biology,J,B,0.9,0.7591698576224496,0.9,101
2891,biology,A,A,0.95,0.7434699593070717,0.95,133
2892,biology,H,H,1.0,0.8344584139418127,1.0,68
2893,biology,I,I,1.0,0.863020838979954,1.0,43
2894,biology,D,D,0.95,0.7649632626929557,0.95,122
2895,biology,B,B,0.95,0.7568321925024288,0.95,75
2896,biology,G,G,0.9,0.7759717449993511,0.9,95
2897,biology,I,B,1.0,0.826037480862421,0.0,211
2898,biology,E,E,1.0,0.8474646674743702,1.0,67
2899,biology,B,B,0.95,0.8699032649223775,0.95,99
2900,biology,C,C,0.95,0.8170997702274134,0.95,92
2901,biology,G,G,0.95,0.8744163718721042,0.95,61
2902,biology,H,H,1.0,0.9144184883446818,1.0,38
2903,biology,A,A,0.8,0.772997674281909,0.9,90
2904,biology,A,A,0.9,0.8191351107450437,0.9,92
2905,biology,F,F,0.98,0.8844218707039235,1.0,142
2906,biology,E,E,0.95,0.7501891792428195,0.95,106
2907,biology,I,G,0.95,0.8766478984726555,0.5,105
2908,biology,G,B,1.0,0.8434471797809452,0.0,120
2909,biology,I,,1.0,0.8222710206238342,0.0,277
2910,biology,D,D,0.95,0.7757676231811317,0.95,150
2911,biology,H,H,0.95,0.8392240376095372,0.95,91
2912,biology,A,A,0.9,0.8062656512563025,1.0,122
2913,biology,I,A,0.85,0.7188466910137724,0.85,100
2914,biology,H,H,1.0,0.8345960452743071,0.95,215
2915,biology,H,H,0.9,0.7380553797660174,0.9,157
2916,biology,G,G,0.9,0.7284443597667225,0.9,93
2917,biology,F,B,0.9,0.7035381789347177,0.7,108
2918,biology,C,C,0.9,0.7324086186403922,0.9,173
2919,biology,C,I,0.9,0.7697154276414576,0.4,137
2920,biology,G,G,0.85,0.8332787697963908,0.85,68
2921,biology,E,I,0.95,0.7788377682533678,0.95,84
2922,biology,C,C,0.95,0.7308085215577446,0.95,145
2923,biology,G,G,0.95,0.8242052545316342,0.95,49
2924,biology,H,H,0.95,0.7307563437967884,0.95,81
2925,biology,I,I,1.0,0.7572327562875393,1.0,175
2926,biology,I,G,0.9,0.7318875998781801,0.8,104
2927,biology,A,A,0.95,0.8298932063713562,0.95,56
2928,biology,D,D,1.0,0.7971005089072403,1.0,133
2929,biology,B,B,0.95,0.7512270747085387,0.9,87
2930,biology,F,F,1.0,0.8864475432558688,1.0,195
2931,biology,C,C,0.6,0.7506941683391998,0.95,293
2932,biology,D,I,1.0,0.7459079809779967,0.9,198
2933,biology,C,E,0.95,0.903367636655522,0.4,106
2934,biology,D,D,0.9,0.8245684652053049,0.9,183
2935,biology,D,D,1.0,0.8746850061095125,1.0,98
2936,biology,D,B,0.9,0.8058901958761433,0.9,68
2937,biology,H,H,0.9,0.771204238033605,0.9,70
2938,biology,A,A,1.0,0.8457532232649169,1.0,76
2939,biology,A,A,0.95,0.8416802372454427,0.95,49
2940,biology,J,J,0.95,0.8290920232605389,0.95,130
2941,biology,C,C,0.9,0.803143309328656,0.9,93
2942,biology,E,C,0.9,0.7591673779882634,0.9,114
2943,biology,B,B,0.95,0.793982250182815,0.95,89
2944,biology,C,H,0.9,0.7802723039168481,0.9,123
2945,biology,E,E,0.95,0.7371371141219124,0.95,133
2946,biology,B,B,0.9,0.8216919170268849,0.9,58
2947,biology,H,H,0.9,0.7936011794902952,0.9,69
2948,biology,G,G,0.95,0.7551714183266102,0.95,134
2949,biology,C,H,0.9,0.783530224623103,0.7,91
2950,biology,B,B,0.95,0.7826042569782209,0.95,114
2951,biology,A,B,0.6,0.7323286401350265,0.4,298
2952,biology,C,C,0.9,0.795621713021855,0.9,119
2953,biology,G,G,0.95,0.8066126883303737,0.95,62
2954,biology,C,C,0.9,0.8422115022226987,0.9,75
2955,biology,A,A,0.95,0.8645933486469298,0.95,144
2956,biology,A,H,0.95,0.8106043029901282,0.95,161
2957,biology,J,J,0.95,0.8431746164301404,0.95,59
2958,biology,I,D,1.0,0.9170195155870003,1.0,225
2959,biology,E,E,0.95,0.7256327649079257,0.95,111
2960,biology,G,G,1.0,0.803410943985332,1.0,121
2961,biology,H,H,0.95,0.7125440960161733,0.8,273
2962,biology,A,F,0.95,0.7796892125029371,0.95,56
2963,biology,E,E,1.0,0.874465365607431,1.0,80
2964,biology,H,H,0.95,0.8014732854296385,0.95,104
2965,biology,I,I,0.95,0.7364524505560442,0.95,149
2966,biology,C,B,0.95,0.829564041826645,0.6,144
2967,biology,C,E,0.9,0.8024988320722829,0.4,98
2968,biology,E,E,0.95,0.8570434147998982,0.95,45
2969,biology,I,I,0.95,0.8517403000150718,0.95,53
2970,biology,B,B,0.95,0.8015744081389037,0.95,46
2971,biology,B,B,1.0,0.8487163128689571,0.95,49
2972,biology,C,C,1.0,0.8106642809249375,0.95,104
2973,biology,G,G,0.95,0.6379499038519533,0.95,197
2974,biology,J,J,0.95,0.7159004549962091,0.95,141
2975,biology,F,F,0.85,0.7216886212170136,0.85,93
2976,biology,G,G,1.0,0.855565606178543,0.95,101
2977,biology,F,F,0.99,0.8983435289650993,0.95,122
2978,biology,I,E,1.0,0.8689967340217591,0.9,95
2979,biology,C,C,0.95,0.8004238927712739,0.95,168
2980,biology,I,I,1.0,0.8182650449382738,1.0,126
2981,biology,D,D,0.9,0.7474567133100214,0.9,112
2982,biology,H,H,0.85,0.7436883528068093,0.85,192
2983,biology,C,C,0.95,0.7505022249092759,0.95,64
2984,biology,H,H,0.95,0.8471453770226751,0.95,64
2985,biology,I,C,0.9,0.83434627098785,0.9,84
2986,biology,C,E,0.9,0.7429054294227129,0.9,93
2987,biology,A,J,0.9,0.789663674001845,0.7,110
2988,biology,H,B,0.95,0.7823328976584162,0.95,80
2989,biology,D,D,0.9,0.8539579022543643,0.9,52
2990,biology,A,D,0.85,0.864994674073249,0.85,60
2991,biology,D,D,0.9,0.8315223309025881,0.9,128
2992,biology,J,J,0.95,0.8267172254359845,0.95,102
2993,biology,E,G,0.9,0.7780783371670003,0.9,107
2994,biology,C,C,0.9,0.8122959571279433,0.9,144
2995,biology,E,C,0.9,0.7539638843245898,0.9,79
2996,biology,A,A,0.95,0.7357927779316781,0.95,173
2997,biology,A,A,0.95,0.780653067308629,0.95,124
2998,biology,C,C,0.95,0.8026888634490057,0.95,157
2999,biology,C,J,0.95,0.7848769065084718,0.95,100
3000,biology,J,C,1.0,0.8458648070637147,0.0,158
3001,biology,B,B,0.9,0.867203177273883,0.9,82
3002,biology,H,J,0.92,0.7136610329799008,0.92,232
3003,biology,B,B,0.95,0.7943853179968156,0.95,131
3004,biology,A,A,0.95,0.7543470302732395,0.95,226
3005,biology,J,J,0.95,0.8053380125146538,0.95,160
3006,biology,F,J,0.95,0.7169294751139813,0.9,162
3007,biology,J,G,0.95,0.8035694968429702,0.8,97
3008,biology,F,F,0.95,0.8511587758544394,0.95,128
3009,biology,F,F,0.9,0.7145276136723738,0.9,95
3010,biology,E,E,0.95,0.6535836079353256,0.95,274
3011,biology,E,E,0.95,0.7727423343515871,0.95,181
3012,biology,B,A,0.95,0.9431603708984742,1.0,440
3013,biology,C,E,0.95,0.8528165192939441,1.0,151
3014,biology,G,C,0.9,0.7178083557106351,0.9,130
3015,biology,D,D,0.9,0.8192216671864035,0.9,114
3016,biology,H,H,0.95,0.813906710645059,0.95,79
3017,biology,I,I,0.95,0.7131296761911741,0.95,138
3018,biology,E,D,0.95,0.8847466172685695,0.7,381
3019,biology,I,I,0.7,0.7691956296372099,0.7,94
3020,biology,A,,0.0,0.8200332070534897,0.0,296
3021,biology,C,C,0.95,0.7898004322130671,0.95,165
3022,biology,B,B,0.9,0.7496369611639847,0.9,68
3023,biology,I,I,0.9,0.8279420130139644,0.9,71
3024,biology,J,J,0.95,0.7110067670070448,0.95,132
3025,biology,C,C,0.95,0.8514889638095787,0.95,75
3026,biology,G,G,0.95,0.7431971531109004,0.95,137
3027,biology,F,G,0.9,0.704184654071829,0.7,154
3028,biology,E,E,0.95,0.8811668079796098,0.95,99
3029,biology,E,E,0.9,0.7947812506793344,0.9,114
3030,biology,C,C,0.9,0.7055335720829871,0.9,170
3031,biology,B,B,0.85,0.8168801604118247,0.85,182
3032,biology,C,C,0.8,0.8219983294270978,0.8,331
3033,biology,F,E,0.95,0.7663621062930256,0.95,77
3034,biology,D,D,0.95,0.7381963114109401,0.95,120
3035,biology,G,C,0.95,0.8098766835023682,0.95,63
3036,biology,G,E,0.9,0.8241214872586347,0.9,95
3037,biology,F,F,0.95,0.7071187135904284,0.95,75
3038,biology,B,D,0.9,0.7974744019712665,1.0,100
3039,biology,J,J,0.9,0.8486475068271196,0.9,81
3040,biology,G,E,0.95,0.7590675890910521,0.95,243
3041,biology,A,G,0.95,0.7525267760780132,0.4,134
3042,biology,B,B,0.95,0.7437691807357218,0.95,138
3043,biology,B,J,0.9,0.8174221844133649,0.9,82
3044,biology,D,D,0.95,0.7263299788335023,0.95,83
3045,biology,B,B,0.9,0.8008297732265433,0.9,79
3046,biology,I,I,0.95,0.8942520221781397,0.95,59
3047,biology,E,E,0.9,0.7444596530889931,0.9,100
3048,biology,C,C,0.95,0.7900452442342262,0.95,81
3049,biology,B,B,0.9,0.6772557702588405,0.9,86
3050,biology,H,H,0.95,0.8366126004234239,0.95,63
3051,biology,B,B,0.95,0.8373831061259441,0.95,108
3052,biology,G,G,0.95,0.8074111861243136,0.95,126
3053,biology,J,B,0.95,0.7641189968447947,0.95,142
3054,biology,H,H,0.85,0.7056218017592598,0.85,96
3055,biology,J,J,0.95,0.8233490555517335,0.95,94
3056,biology,I,I,0.9,0.9240442543195393,0.9,59
3057,biology,G,G,1.0,0.8446634487954033,1.0,68
3058,biology,A,A,0.95,0.8587838496197999,0.95,54
3059,biology,A,A,0.95,0.8633772257652964,0.95,113
3060,biology,E,B,0.95,0.8692874097882066,0.0,128
3061,biology,C,J,0.95,0.7895313931545914,0.95,101
3062,biology,G,B,0.85,0.9015862558224916,0.0,227
3063,biology,H,C,0.95,0.7501566631396779,0.95,81
3064,biology,E,E,0.95,0.8556823665368589,0.95,106
3065,biology,J,J,1.0,0.843402117719872,0.9,49
3066,biology,C,C,0.8,0.7585494348284374,0.8,64
3067,biology,A,A,0.9,0.775681877234703,0.9,163
3068,biology,H,H,0.9,0.7798892829490841,0.9,67
3069,biology,J,J,1.0,0.7153700132021797,0.8,135
3070,biology,I,I,0.95,0.72843589720614,0.95,123
3071,biology,C,J,0.9,0.7071298395234713,0.4,125
3072,biology,D,D,1.0,0.7681080201154297,1.0,120
3073,biology,J,B,0.95,0.8538876075238915,0.7,93
3074,biology,B,B,0.9,0.8232245541360776,0.9,98
3075,biology,A,A,0.95,0.7149861704937852,0.95,96
3076,biology,A,A,0.95,0.7529780653549367,0.95,87
3077,biology,A,A,1.0,0.8542736767496704,0.95,118
3078,biology,B,B,0.9,0.790001893705442,0.9,128
3079,biology,D,F,0.9,0.8044959363218094,0.9,139
3080,biology,B,C,0.95,0.7804873806304689,0.95,38
3081,biology,A,A,0.95,0.8002583097325937,0.95,112
3082,biology,J,E,0.95,0.790703893377613,0.95,133
3083,biology,D,D,0.9,0.843372112911086,1.0,151
3084,biology,B,H,1.0,0.8527448924015247,0.9,279
3085,biology,D,D,0.9,0.8344047016301208,0.9,51
3086,biology,B,B,1.0,0.7949138376412617,1.0,125
3087,biology,G,G,0.95,0.8348912791185492,0.95,103
3088,biology,B,B,0.95,0.8059085274411991,0.95,63
3089,biology,C,C,0.9,0.8374792002476809,0.9,103
3090,biology,C,C,0.8,0.8011385264206026,0.9,93
3091,biology,C,H,0.95,0.8092503756856768,0.95,67
3092,biology,C,E,0.95,0.783660726889813,0.95,187
3093,biology,A,A,0.95,0.8990957372414913,0.95,65
3094,biology,I,D,0.9,0.7908984618323538,0.9,99
3095,biology,C,C,0.95,0.7926437851636197,0.95,62
3096,biology,B,B,0.95,0.8000223600205115,0.95,77
3097,biology,G,G,0.9,0.8625470294350793,0.9,147
3098,biology,B,B,0.9,0.8040358521185456,0.9,107
3099,biology,I,G,0.95,0.8199694045850701,0.8,77
3100,biology,A,A,0.9,0.8082560164475466,0.9,105
3101,biology,G,B,0.9,0.8573076854216968,0.25,143
3102,biology,B,B,0.95,0.7597917681618607,0.95,133
3103,biology,C,J,1.0,0.794579421658476,0.8,156
3104,biology,H,H,0.95,0.7348455701231393,0.95,123
3105,biology,I,I,1.0,0.7459050616613047,0.95,162
3106,biology,J,J,0.9,0.7323744957135172,0.9,97
3107,biology,B,J,0.95,0.7847330996868102,0.0,181
3108,biology,B,B,0.95,0.7529681719762269,0.95,112
3109,biology,D,D,0.95,0.7286484303120522,0.95,108
3110,biology,I,D,0.95,0.6789747139031291,0.6,162
3111,biology,G,G,1.0,0.7551880335649058,0.9,103
3112,biology,F,E,1.0,0.7755112582578313,0.8,118
3113,biology,E,B,0.97,0.8754909486649285,0.4,151
3114,biology,J,D,0.95,0.8399549357829726,0.0,441
3115,biology,F,F,0.95,0.7467442847317706,0.9,133
3116,biology,I,I,0.9,0.787213241042547,0.9,90
3117,biology,C,C,0.9,0.6982305726691747,0.9,185
3118,biology,D,F,0.95,0.8214937117778894,0.9,230
3119,biology,F,F,0.95,0.7371417990697471,0.95,132
3120,biology,H,G,0.9,0.7299685530893457,0.7,148
3121,biology,G,E,0.9,0.8411317841068783,0.7,494
3122,biology,B,A,1.0,0.9171486372879417,1.0,90
3123,biology,B,B,0.95,0.7809149168824574,0.95,115
3124,biology,C,G,0.8,0.7987025959228952,0.6,81
3125,biology,A,A,0.95,0.8694621504013016,0.95,163
3126,biology,D,D,0.95,0.7825180036371467,0.7,98
3127,biology,I,I,0.9,0.8825254197268242,0.9,65
3128,biology,D,D,0.95,0.7719094760763875,0.95,111
3129,biology,J,D,0.95,0.8253554583869573,0.95,95
3130,biology,I,I,0.95,0.8095770394148886,0.95,87
3131,biology,F,D,0.95,0.815690803932424,0.475,76
3132,biology,I,G,0.9,0.7947273303174419,0.9,116
3133,biology,A,A,0.9,0.8707778927971678,0.9,60
3134,biology,D,D,0.95,0.7615206367878853,0.9,79
3135,biology,C,C,0.95,0.8205112232703985,0.95,92
3136,biology,J,J,0.98,0.6502661934009197,0.9,956
3137,biology,E,E,0.95,0.8022512620161348,0.95,66
3138,biology,B,B,0.95,0.8710571750034966,0.95,76
3139,biology,F,F,0.9,0.84105944319347,0.9,78
3140,biology,D,D,0.75,0.7540623760596976,0.8,153
3141,biology,G,G,0.95,0.7949516003570427,0.95,75
3142,biology,I,I,0.9,0.8521756958444859,0.95,69
3143,biology,E,E,0.95,0.8196593837643865,0.95,105
3144,biology,D,F,0.8,0.748435165793019,0.8,151
3145,biology,J,B,0.95,0.9263474656666576,0.95,62
3146,biology,J,J,0.95,0.8987812764091749,0.95,143
3147,biology,H,B,0.95,0.8217134358775203,0.8,60
3148,biology,B,B,0.9,0.8370408374738084,0.9,87
3149,biology,E,A,0.9,0.7190817635415772,0.7,127
3150,biology,H,H,0.95,0.8035791678547191,0.95,148
3151,biology,J,H,0.85,0.6817518683943046,0.85,157
3152,biology,G,G,1.0,0.7514988631609072,1.0,225
3153,biology,G,G,0.95,0.880224665593083,0.95,62
3154,biology,B,B,0.95,0.846021111917477,0.95,81
3155,biology,F,F,0.95,0.7607372380728313,0.95,90
3156,biology,C,C,1.0,0.7397068165893343,1.0,151
3157,biology,F,,0.9,0.7991164023215669,0.9,204
3158,biology,A,A,1.0,0.8542478369612486,1.0,81
3159,biology,H,H,0.95,0.8620985571416915,0.95,99
3160,biology,F,F,0.95,0.8619667677627293,0.95,73
3161,biology,D,F,0.9,0.8217494888695797,0.8,89
3162,biology,J,A,0.9,0.7812168447205511,0.9,147
3163,biology,B,B,1.0,0.8246389483039264,1.0,93
3164,biology,C,D,1.0,0.7952382591036791,0.0,284
3165,biology,E,D,0.4,0.8269626830033983,0.0,229
3166,biology,G,G,0.9,0.7296392405911815,0.9,189
3167,biology,I,C,0.9,0.8574476684089668,0.0,75
3168,biology,F,D,0.98,0.8967706562754336,1.0,261
3169,biology,G,,0.8,0.7669868510920546,0.7,191
3170,biology,E,E,0.95,0.8370434770114172,0.95,52
3171,biology,H,H,0.9,0.8463196444085332,1.0,163
3172,biology,G,G,0.95,0.8228886374199202,0.95,82
3173,biology,E,B,1.0,0.8810039075736144,0.0,429
3174,biology,E,E,0.9,0.855142732124678,0.9,71
3175,biology,D,D,0.95,0.8569097025241089,0.95,61
3176,biology,G,G,1.0,0.9278055552111175,1.0,178
3177,biology,C,A,0.92,0.9017624336385681,0.92,150
3178,biology,G,,1.0,0.775176736971816,0.9,341
3179,biology,H,H,0.95,0.7563550000243182,0.95,135
3180,biology,J,J,0.95,0.7270693920996923,0.95,125
3181,biology,J,I,0.9,0.7729257391781147,0.9,137
3182,biology,J,J,0.95,0.800096648429998,0.95,61
3183,biology,F,A,1.0,0.9691182990542775,0.9,124
3184,biology,I,I,0.9,0.8310583365800103,0.9,106
3185,biology,E,A,0.9,0.8972047413012643,0.7,108
3186,biology,B,E,0.9,0.6954629672845374,0.8,247
3187,biology,F,F,0.95,0.8598873779756099,0.95,137
3188,biology,D,D,0.9,0.8444639694114467,0.9,104
3189,biology,A,A,0.95,0.797622895640828,0.95,115
3190,biology,F,F,0.95,0.7946003303613159,1.0,111
3191,biology,E,E,0.95,0.7755292316652413,0.95,75
3192,biology,G,G,0.8,0.7157278710512412,0.7,132
3193,biology,B,F,0.95,0.7753956033880494,0.0,100
3194,biology,F,F,0.95,0.7962357493293108,0.95,73
3195,biology,J,J,0.98,0.7683737732657995,0.98,102
3196,biology,D,D,0.95,0.807784816876755,0.95,134
3197,biology,D,D,0.95,0.8445608348309522,0.95,85
3198,biology,B,B,0.9,0.7553997174385029,0.9,169
3199,biology,D,D,0.95,0.8004685367065688,0.95,166
3200,biology,C,C,0.95,0.8258277042210336,0.95,77
3201,biology,F,F,0.9,0.7723613052816705,0.9,85
3202,biology,A,A,1.0,0.8487119027954599,1.0,73
3203,biology,C,E,0.9,0.769905059138549,0.0,204
3204,biology,B,B,0.95,0.7462547569120435,0.95,83
3205,biology,D,B,0.85,0.7632222555686682,0.0,167
3206,biology,G,G,1.0,0.9111216548082147,1.0,84
3207,biology,B,B,0.95,0.8719163256769191,0.95,66
3208,biology,D,D,0.95,0.8028717433134952,0.95,82
3209,biology,G,G,1.0,0.8461459708305992,1.0,87
3210,biology,D,J,0.95,0.7525265121509872,0.95,162
3211,biology,D,D,1.0,0.8394582669997986,0.9,80
3212,biology,B,B,1.0,0.810255990760358,1.0,84
3213,biology,F,B,0.8,0.8293931469076762,0.0,190
3214,biology,D,H,1.0,0.6962069643101388,0.9,74
3215,biology,D,D,0.95,0.7125422148750324,0.95,266
3216,biology,I,I,0.85,0.7450338742681518,0.85,66
3217,biology,J,J,1.0,0.8317865825189584,1.0,82
3218,biology,E,E,0.9,0.7752689837669874,0.9,95
3219,biology,B,B,0.95,0.8605216928249888,0.95,66
3220,biology,G,G,0.95,0.8199071911192477,0.95,83
3221,biology,F,B,0.85,0.7343069490728642,0.0,172
3222,biology,I,I,0.95,0.789294726194742,0.9,62
3223,biology,I,A,0.95,0.796025910916875,0.95,101
3224,biology,E,E,0.9,0.7607275685071216,0.9,65
3225,biology,I,I,0.95,0.7927875650282115,0.95,127
3226,biology,D,D,0.95,0.8097121633484947,0.95,67
3227,biology,A,A,0.95,0.6525382074516065,0.95,370
3228,biology,C,C,0.95,0.8596933227350937,1.0,98
3229,biology,G,,0.95,0.8173388194269955,0.95,253
3230,biology,E,E,0.95,0.8058588387895051,0.95,77
3231,biology,J,J,0.9,0.851515189668772,0.9,215
3232,biology,H,I,0.9,0.8905873977891312,0.3,341
3233,biology,C,C,0.9,0.7308181492504161,0.8,380
3234,biology,E,A,0.9,0.7887196687453156,0.6,602
3235,biology,F,F,0.9,0.7635117775858691,0.95,115
3236,biology,I,I,0.95,0.8518028188198311,0.95,49
3237,biology,A,H,0.9,0.7052579981382705,0.6,153
3238,biology,J,F,0.85,0.8237733842051874,0.8,153
3239,biology,E,,0.0,0.8165800112302405,0.6,261
3240,biology,C,C,0.9,0.7811062000850005,0.9,96
3241,biology,F,F,0.95,0.8904968733121437,1.0,118
3242,biology,E,E,0.95,0.800217847538159,0.95,79
3243,biology,D,C,0.95,0.7727956621334716,0.95,84
3244,biology,I,I,0.95,0.8734913660137544,0.95,60
3245,biology,G,G,0.95,0.7436374342926215,0.95,111
3246,biology,C,C,0.95,0.7398706274030823,0.9,138
3247,biology,H,H,0.9,0.8451115949068211,0.8,70
3248,biology,J,J,0.95,0.7641265462095282,0.95,160
3249,biology,I,I,0.85,0.7594409573470075,0.85,78
3250,biology,A,A,0.9,0.7161121358061908,0.9,75
3251,biology,G,G,0.9,0.8065428821989497,0.9,95
3252,biology,A,H,0.95,0.8143221145030526,0.0,69
3253,biology,B,B,0.85,0.8074552525388248,0.85,115
3254,biology,C,C,0.95,0.8964189332886552,0.95,79
3255,biology,A,A,0.85,0.809432312977141,0.85,76
3256,biology,A,A,0.9,0.8329496264262032,0.9,82
3257,biology,A,D,0.8,0.6982760182096115,0.8,441
3258,biology,E,E,1.0,0.7389232495033748,1.0,133
3259,biology,J,H,0.95,0.9141075147819512,0.95,48
3260,biology,G,G,0.95,0.8447103272225981,0.95,82
3261,biology,F,C,0.98,0.6174353499342331,0.98,267
3262,biology,J,J,0.9,0.7269275983418629,0.9,58
3263,biology,H,D,0.95,0.7733207354518992,0.4,81
3264,biology,E,E,0.85,0.7336301776637466,0.85,108
3265,biology,D,D,1.0,0.8840837400992154,1.0,108
3266,biology,D,D,0.95,0.8384915524106467,0.95,116
3267,biology,C,C,0.95,0.7050858539005949,0.95,210
3268,biology,C,H,0.95,0.791427018881331,0.6,187
3269,biology,B,A,0.95,0.8879024182699352,0.0,70
3270,biology,C,C,0.95,0.834532932988332,0.95,117
3271,biology,E,H,0.95,0.7579112636811053,0.4,96
3272,biology,G,D,0.9,0.7812019039057261,0.9,105
3273,biology,C,C,0.95,0.8238165954147413,0.95,75
3274,biology,D,D,0.95,0.7484885419129589,0.95,99
3275,biology,D,D,0.95,0.8611598548178908,0.95,116
3276,biology,G,A,0.9,0.7021303439483378,0.9,146
3277,biology,H,H,0.98,0.8208246037449812,0.98,98
3278,biology,A,J,0.95,0.8012411686562212,0.95,212
3279,biology,E,E,0.95,0.7022984447032111,0.85,97
3280,biology,B,G,0.9,0.8331723987462543,0.9,150
3281,biology,D,D,0.85,0.7864906297055981,0.85,247
3282,biology,I,I,0.95,0.7212251938183627,0.95,112
3283,biology,F,E,1.0,0.9018923434407683,0.0,371
3284,biology,C,C,0.85,0.8331243999644593,0.85,66
3285,biology,D,D,1.0,0.8142133858871818,1.0,49
3286,biology,D,,0.84,0.9015629049101035,1.0,343
3287,biology,J,B,0.95,0.7761414549160167,0.7,79
3288,biology,H,H,0.95,0.9052937186870992,0.95,73
3289,biology,B,B,0.95,0.8583826255652828,0.95,77
3290,biology,I,I,0.95,0.7813995817753278,0.95,82
3291,biology,J,J,0.98,0.7808451375936418,0.98,96
3292,biology,G,G,0.95,0.7681417499360901,0.95,104
3293,biology,E,E,0.95,0.7469869106403157,0.7,65
3294,biology,A,A,0.95,0.8313761460183343,0.95,83
3295,biology,D,D,0.9,0.7620703273123344,0.9,108
3296,biology,H,H,0.95,0.687270268514204,0.8,60
3297,biology,E,E,0.95,0.7162913990900295,0.95,117
3298,biology,H,H,1.0,0.8384483176102544,,1267
3299,biology,F,F,1.0,0.7950801500789174,0.95,117
3300,biology,G,G,0.95,0.866651248698349,0.95,49
3301,biology,H,H,0.95,0.8716879047666992,0.95,66
3302,biology,B,B,1.0,0.8218322008586786,0.95,96
3303,biology,E,H,0.85,0.7539482148427815,0.85,99
3304,biology,C,H,0.85,0.7162201170967152,0.85,214
3305,biology,B,B,0.95,0.9067854308031006,0.95,96
3306,biology,F,J,1.0,0.8102277325959277,0.9,92
3307,biology,J,J,0.9,0.7605408030418013,0.9,103
3308,biology,H,H,0.95,0.7955868419366382,0.95,154
3309,biology,E,D,0.9,0.8107304427266541,0.9,110
3310,biology,A,A,0.98,0.7304339139678268,,1330
3311,biology,J,B,1.0,0.7689178238495554,1.0,79
3312,biology,B,B,0.95,0.7427369538391658,0.95,195
3313,biology,A,A,0.95,0.7773329321527355,0.95,129
3314,biology,C,C,0.9,0.8562065808505062,0.9,143
3315,biology,B,B,0.9,0.8267281443396779,0.9,148
3316,biology,I,I,0.95,0.7989267476516769,0.95,74
3317,biology,A,D,0.9,0.767076419335173,0.4,101
3318,biology,A,A,0.95,0.7548747337816181,0.8,80
3319,biology,D,G,0.9,0.7416276096227759,0.9,66
3320,biology,H,J,0.98,0.8085561099235642,0.0,59
3321,biology,C,C,1.0,0.8183403460160934,1.0,124
3322,biology,A,A,1.0,0.8652690911615766,1.0,69
3323,biology,F,D,0.9,0.8154666263420524,0.9,55
3324,biology,F,D,0.9,0.8111041065323131,0.7,67
3325,biology,H,H,0.9,0.8888854622768053,0.9,66
3326,biology,B,B,0.95,0.8098241992441266,0.95,194
3327,biology,G,B,0.9,0.7923325601502644,0.0,76
3328,biology,H,H,0.85,0.6718669953418327,0.85,81
3329,biology,D,D,0.85,0.7997449510993814,0.85,72
3330,biology,D,D,1.0,0.7617995467672962,1.0,130
3331,biology,F,F,0.95,0.8046130390690954,0.95,77
3332,biology,D,D,0.95,0.8143222146489285,0.9,75
3333,biology,G,C,0.8,0.8507910714068956,0.0,102
3334,biology,A,A,0.9,0.7405527606231453,0.9,67
3335,biology,E,E,1.0,0.842103580313364,1.0,84
3336,biology,G,J,0.6,0.7934905377578592,0.4,264
3337,biology,I,I,1.0,0.6757883591622872,0.95,98
3338,biology,D,B,0.98,0.8086677918899365,0.4,329
3339,biology,A,G,0.95,0.8567493633286719,0.95,135
3340,biology,D,D,0.95,0.7902821179111976,0.95,115
3341,biology,F,F,0.95,0.8062978003838752,0.95,100
3342,biology,C,A,1.0,0.7778326054379027,1.0,133
3343,biology,E,E,0.9,0.8882323629995691,0.9,227
3344,biology,E,E,0.95,0.7822862317103668,0.95,191
3345,biology,D,D,0.9,0.83773387082682,1.0,288
3346,biology,D,B,1.0,0.8722561831709212,0.0,268
3347,biology,C,,0.98,0.905201359234821,1.0,149
3348,biology,C,C,0.99,0.9104574372552541,1.0,56
3349,biology,C,C,0.9,0.8139006907618181,0.9,98
3350,biology,H,H,1.0,0.8178957761305492,0.95,115
3351,biology,A,A,1.0,0.7659733764368936,0.9,93
3352,biology,I,I,0.9,0.8092187688405008,0.9,89
3353,biology,J,D,0.95,0.7317800496483247,0.9,143
3354,biology,B,B,1.0,0.8619392043190568,1.0,98
3355,biology,H,H,0.95,0.7917735420738048,0.95,108
3356,biology,C,C,0.95,0.8024800368482305,0.95,152
3357,biology,B,B,0.95,0.8407029972585587,0.95,76
3358,biology,E,E,0.9,0.8046218242813543,0.8,96
3359,biology,I,I,0.9,0.779460582646291,0.8,118
3360,biology,C,C,0.95,0.7582538289327359,0.95,89
3361,biology,A,A,0.9,0.8018999161684162,0.9,171
3362,biology,E,E,1.0,0.7427890601177519,1.0,93
3363,biology,B,B,1.0,0.8221737820524597,1.0,81
3364,biology,I,C,0.95,0.7157120649143521,0.8,491
3365,biology,B,D,0.7,0.7993467877017255,0.4,105
3366,biology,F,I,0.9,0.6710554303636402,0.9,85
3367,biology,G,G,0.9,0.7561487073741787,0.9,93
3368,biology,I,I,0.9,0.861463830575654,1.0,62
3369,biology,J,J,0.9,0.7546250807159718,0.9,83
3370,biology,A,E,0.95,0.7858311861763374,0.95,467
3371,biology,F,D,0.65,0.7032352413874385,,1601
3372,biology,A,A,0.9,0.829781138623686,0.9,44
3373,biology,B,E,0.9,0.7166603578120267,0.9,125
3374,biology,D,G,0.95,0.8048341086487443,0.95,71
3375,biology,D,D,0.95,0.7112453313106375,0.8,100
3376,biology,A,A,0.95,0.7754524758538006,0.95,100
3377,biology,H,H,0.99,0.8103638946486927,0.99,115
3378,biology,E,E,0.9,0.8262203294583804,0.9,82
3379,biology,E,B,0.9,0.8409005619912716,1.0,221
3380,biology,G,I,0.9,0.8538983258413585,0.0,86
3381,biology,D,D,0.98,0.6905500927759096,0.98,83
3382,biology,I,I,0.9,0.8265824854684042,0.9,108
3383,biology,I,D,0.9,0.8465997413904929,0.0,233
3384,biology,E,E,0.95,0.8724289627280686,0.95,87
3385,biology,E,E,1.0,0.7996204382115195,1.0,147
3386,biology,D,A,0.95,0.8233497490534266,0.95,148
3387,biology,C,C,0.9,0.8300432631939634,0.9,98
3388,biology,A,J,0.9,0.724408695096595,0.7,144
3389,biology,G,G,0.9,0.860034228959581,0.9,73
3390,biology,C,C,0.95,0.7931632241236295,0.95,168
3391,biology,I,I,0.95,0.8626574367701673,0.95,66
3392,biology,A,A,1.0,0.7715064769478974,0.9,64
3393,biology,D,D,1.0,0.8247948888483375,1.0,224
3394,biology,D,D,1.0,0.8830159110622042,1.0,88
3395,biology,B,B,0.95,0.8514614942046093,0.95,105
3396,biology,C,C,0.9,0.7928758716767605,0.9,94
3397,biology,D,D,0.95,0.825172174051604,0.95,129
3398,biology,G,G,0.9,0.74116812333049,0.9,116
3399,biology,B,B,0.95,0.7755124831017083,0.95,143
3400,biology,H,H,0.95,0.7813820725392738,0.95,116
3401,biology,C,C,0.95,0.720667494487403,0.8,178
3402,biology,C,C,0.95,0.7923660019817811,0.95,130
3403,biology,C,C,0.85,0.6260086248386876,,1164
3404,biology,B,B,1.0,0.8221440112975926,0.95,80
3405,chemistry,C,C,0.8,0.8267625057965692,0.9,82
3406,chemistry,D,B,1.0,0.867018371032889,0.0,295
3407,chemistry,B,I,0.9,0.8662443767415806,0.0,105
3408,chemistry,J,F,0.9,0.8708729212971986,0.9,233
3409,chemistry,E,B,0.95,0.7517529340050789,0.95,151
3410,chemistry,B,G,0.95,0.8148443990072571,0.0,142
3411,chemistry,A,A,0.9,0.7318794408587808,0.9,101
3412,chemistry,D,D,0.9,0.714941190721944,0.9,205
3413,chemistry,I,J,1.0,0.9416311452609463,0.8,296
3414,chemistry,E,E,1.0,0.888285775623357,0.9,237
3415,chemistry,J,G,0.9,0.7867953200534671,0.8,97
3416,chemistry,I,,1.0,0.8658802730974922,0.4,208
3417,chemistry,C,I,0.2,0.7212176777604811,0.0,143
3418,chemistry,B,B,0.9,0.8809194658893621,0.9,178
3419,chemistry,B,B,0.95,0.8067697760963475,0.95,167
3420,chemistry,C,E,1.0,0.868320453793944,0.8,52
3421,chemistry,A,I,0.0,0.743984180818004,0.0,201
3422,chemistry,G,J,0.9,0.8424677216850186,0.0,134
3423,chemistry,I,I,1.0,0.8899802411190983,1.0,173
3424,chemistry,D,D,0.9,0.9066967398091114,0.8,162
3425,chemistry,A,I,0.9,0.8422431457010605,0.0,134
3426,chemistry,E,I,1.0,0.8753758181452616,0.0,276
3427,chemistry,C,I,1.0,0.8474866257491285,0.9,802
3428,chemistry,H,H,0.9,0.8644480046981655,0.9,241
3429,chemistry,H,B,0.95,0.8500430562499603,0.0,122
3430,chemistry,B,A,0.98,0.8845288732522003,0.98,297
3431,chemistry,J,J,1.0,0.8999780086614211,1.0,178
3432,chemistry,G,I,0.95,0.9044768931478424,1.0,87
3433,chemistry,H,A,0.95,0.910235710291075,0.95,207
3434,chemistry,C,C,1.0,0.8339935591890761,0.95,177
3435,chemistry,A,B,1.0,0.7381466523092804,1.0,99
3436,chemistry,D,B,0.95,0.8024744112890142,0.6,94
3437,chemistry,J,H,1.0,0.8536648554512026,0.3333333333333333,213
3438,chemistry,E,E,1.0,0.8327269264767729,1.0,62
3439,chemistry,J,G,0.75,0.8776183609208427,0.0,491
3440,chemistry,I,A,0.95,0.7412886884934801,0.4,159
3441,chemistry,C,E,0.5,0.7955538091898263,1.0,75
3442,chemistry,F,B,0.95,0.8258064550194143,0.0,222
3443,chemistry,G,E,0.9,0.8016924696370903,0.4,639
3444,chemistry,B,B,0.95,0.9412810438274328,0.95,82
3445,chemistry,F,C,0.95,0.8912712080430202,0.95,406
3446,chemistry,H,H,0.85,0.7826370041425337,0.4,491
3447,chemistry,I,A,1.0,0.8178630215532586,0.8,203
3448,chemistry,H,A,1.0,0.9145111569682897,1.0,67
3449,chemistry,C,A,0.95,0.8775965606021309,0.95,122
3450,chemistry,E,B,1.0,0.8922926987416097,0.0,89
3451,chemistry,E,E,0.95,0.8582812207946966,0.95,117
3452,chemistry,E,H,1.0,0.904802956188932,1.0,139
3453,chemistry,A,A,0.9,0.8560927754460894,0.95,213
3454,chemistry,J,C,1.0,0.8257629692562852,0.4,223
3455,chemistry,F,C,0.95,0.7684231808751026,0.95,101
3456,chemistry,F,F,0.9,0.8222764854556458,0.9,105
3457,chemistry,I,I,1.0,0.8818228147572079,1.0,411
3458,chemistry,C,G,0.9,0.8656530861856437,0.7,348
3459,chemistry,I,D,0.95,0.8466566210648971,0.95,187
3460,chemistry,A,H,0.9,0.8321662332272084,0.9,102
3461,chemistry,B,E,1.0,0.9245217836749617,0.9,195
3462,chemistry,G,G,0.95,0.8352254662157819,0.95,216
3463,chemistry,H,A,0.9,0.8443012200971315,0.0,371
3464,chemistry,A,F,0.95,0.9168721535659767,0.0,500
3465,chemistry,A,A,1.0,0.8607330111048694,1.0,95
3466,chemistry,F,E,0.9,0.8886231954327387,0.9,214
3467,chemistry,E,E,0.85,0.9281972975652389,0.95,226
3468,chemistry,B,E,0.95,0.8370755555627796,0.95,341
3469,chemistry,A,B,0.9,0.8089776989327031,0.9,176
3470,chemistry,D,D,0.99,0.8736807401398522,0.99,131
3471,chemistry,H,D,0.95,0.9027128686362685,0.95,263
3472,chemistry,H,H,1.0,0.7663428876862071,0.9,96
3473,chemistry,J,G,0.95,0.770667707637854,0.95,107
3474,chemistry,E,E,0.98,0.8889299432381613,1.0,128
3475,chemistry,G,D,0.9,0.8501570308743158,0.4,219
3476,chemistry,B,,0.95,0.8215559004709596,0.8,353
3477,chemistry,E,C,0.9,0.8222428427758735,0.9,147
3478,chemistry,I,,1.0,0.8807094740588061,1.0,241
3479,chemistry,G,A,0.85,0.7081463066663454,0.85,110
3480,chemistry,H,E,0.9,0.7425295010955524,0.0,152
3481,chemistry,B,J,0.95,0.8862659166193773,0.8,317
3482,chemistry,F,F,0.8,0.8582307480235906,0.8,88
3483,chemistry,C,A,0.95,0.8662662072145509,0.95,102
3484,chemistry,D,D,1.0,0.8897005673267305,1.0,129
3485,chemistry,J,A,0.95,0.8535809864760784,0.95,138
3486,chemistry,F,F,0.9,0.8992950945060177,0.95,228
3487,chemistry,J,B,1.0,0.8531995846411183,0.0,159
3488,chemistry,B,B,0.95,0.8165870996260381,0.95,144
3489,chemistry,F,D,1.0,0.7531986926275697,1.0,152
3490,chemistry,G,B,0.9,0.8313596027715413,0.9,251
3491,chemistry,C,,0.5,0.7502501254050414,0.0,213
3492,chemistry,J,J,0.85,0.8258125011806563,0.85,167
3493,chemistry,E,G,0.95,0.8900972846783488,0.95,259
3494,chemistry,F,D,0.95,0.8693110277717545,0.95,192
3495,chemistry,H,J,0.99,0.8091498053930857,0.0,113
3496,chemistry,I,D,0.95,0.8914873918309386,0.95,413
3497,chemistry,J,G,0.9,0.8076487792727691,1.0,95
3498,chemistry,D,D,0.95,0.8598149104889189,0.9,317
3499,chemistry,C,C,0.95,0.8738367491129782,0.95,207
3500,chemistry,A,H,0.95,0.8034158429747253,0.95,230
3501,chemistry,D,,0.99,0.7534134673196067,0.45,242
3502,chemistry,B,B,0.95,0.9250851208297648,0.95,293
3503,chemistry,I,I,0.9,0.8614270997864183,0.9,301
3504,chemistry,H,D,1.0,0.8085616158589373,0.9,253
3505,chemistry,B,B,0.95,0.8209313023726053,0.95,70
3506,chemistry,A,A,0.99,0.881117300274121,1.0,110
3507,chemistry,D,D,0.9,0.8808089076741782,1.0,137
3508,chemistry,D,F,0.95,0.8286132491619398,0.95,34
3509,chemistry,B,B,0.9,0.7842269133627874,0.9,90
3510,chemistry,H,H,0.95,0.8511435769002104,0.95,46
3511,chemistry,J,J,0.95,0.7926824113579699,0.95,78
3512,chemistry,G,A,0.9,0.7746818882397284,0.9,165
3513,chemistry,A,D,0.9,0.816548353066784,0.9,95
3514,chemistry,C,C,0.9,0.8131250198848994,0.9,159
3515,chemistry,J,B,0.95,0.7789822363226607,0.95,252
3516,chemistry,H,C,0.97,0.7645696260418422,0.97,59
3517,chemistry,H,C,1.0,0.8876911941328103,1.0,240
3518,chemistry,B,H,0.95,0.8703135114409282,0.95,408
3519,chemistry,E,E,0.95,0.7669308873507094,0.95,200
3520,chemistry,D,C,0.9,0.9011997200559447,0.9,176
3521,chemistry,H,J,0.82,0.7921898204813018,0.8,244
3522,chemistry,F,E,0.9,0.8983420539241607,0.9,155
3523,chemistry,E,H,0.95,0.8842668796025831,0.95,127
3524,chemistry,B,B,0.95,0.8674478317984692,1.0,179
3525,chemistry,C,C,0.95,0.8967275816576766,0.95,126
3526,chemistry,J,J,1.0,0.9506816588286592,1.0,116
3527,chemistry,F,D,0.9,0.871651084590799,0.9,208
3528,chemistry,E,D,0.95,0.8420607743014913,0.4,193
3529,chemistry,C,H,0.95,0.9174900847441698,0.95,573
3530,chemistry,H,B,0.85,0.8832524189601112,0.0,568
3531,chemistry,G,H,0.9,0.8094470929413718,0.9,129
3532,chemistry,A,A,0.95,0.9258632933447387,0.95,306
3533,chemistry,A,A,1.0,0.8730460878603687,1.0,43
3534,chemistry,B,G,0.92,0.8090861821232187,0.8,269
3535,chemistry,B,,0.95,0.7801405929871383,0.95,290
3536,chemistry,A,B,0.8,0.8447461024879072,0.9,160
3537,chemistry,I,J,0.95,0.8358956000885154,0.4,381
3538,chemistry,A,E,0.95,0.8080027962239523,0.95,157
3539,chemistry,B,F,0.85,0.6810006943890453,0.85,193
3540,chemistry,E,E,0.95,0.8419272153815098,0.95,57
3541,chemistry,D,F,0.95,0.7495099242834833,0.95,170
3542,chemistry,B,C,0.98,0.8545253561029489,0.98,126
3543,chemistry,F,A,1.0,0.8911829338934797,1.0,124
3544,chemistry,F,B,0.9,0.7884322245911292,0.4,131
3545,chemistry,H,H,1.0,0.8963960736243192,1.0,77
3546,chemistry,B,A,1.0,0.8282517417253448,0.0,138
3547,chemistry,B,B,0.95,0.8286910943803202,0.95,160
3548,chemistry,A,C,0.9,0.8630891376379313,0.4,189
3549,chemistry,F,I,0.07,0.7263515671786712,,1077
3550,chemistry,F,G,0.8,0.897180515945466,0.0,194
3551,chemistry,H,B,0.98,0.9062401002869684,0.0,99
3552,chemistry,C,F,0.95,0.8112879155919274,0.0,269
3553,chemistry,A,A,1.0,0.9659483809306298,1.0,129
3554,chemistry,A,A,0.9,0.9010062835994245,1.0,193
3555,chemistry,J,D,0.9,0.9160387472408692,0.7,240
3556,chemistry,D,B,0.9,0.8753880711913463,0.9,266
3557,chemistry,C,G,0.98,0.8515380957550583,0.95,185
3558,chemistry,A,A,0.98,0.8544293967973701,0.98,275
3559,chemistry,H,B,0.95,0.7966742656005193,0.8,112
3560,chemistry,I,J,0.89,0.8401218043032974,0.8,212
3561,chemistry,J,C,0.9,0.8161008346222143,0.4,382
3562,chemistry,I,I,0.85,0.8819630974544338,0.85,274
3563,chemistry,J,B,0.95,0.9297826969869233,0.0,97
3564,chemistry,A,A,0.95,0.9028307885042934,0.95,389
3565,chemistry,J,H,0.95,0.8242910899342847,47.975,202
3566,chemistry,B,G,0.9,0.8769172063899938,0.9,66
3567,chemistry,H,H,1.0,0.8411704590338097,1.0,211
3568,chemistry,B,E,1.0,0.8950280738285039,0.5,155
3569,chemistry,D,D,1.0,0.8236193984845693,1.0,254
3570,chemistry,A,E,1.0,0.9208591277900581,0.0,163
3571,chemistry,J,E,0.95,0.8342665403363928,0.0,87
3572,chemistry,G,E,0.85,0.9078089207276893,0.0,248
3573,chemistry,F,B,0.95,0.8874564757586075,1.0,93
3574,chemistry,E,C,0.95,0.7633653720817586,0.95,76
3575,chemistry,E,A,0.95,0.8088299503098029,0.95,154
3576,chemistry,A,J,1.0,0.8374951324689673,0.0,74
3577,chemistry,A,F,0.95,0.8211221155636056,0.4,158
3578,chemistry,B,I,0.95,0.805811380243751,0.0,108
3579,chemistry,D,C,0.7,0.8769310087175207,0.0,234
3580,chemistry,A,G,0.95,0.8199347988042319,0.95,68
3581,chemistry,F,C,0.95,0.8418073428035608,0.95,101
3582,chemistry,J,H,0.99,0.8177452085848275,0.99,100
3583,chemistry,B,D,0.7,0.829215240984874,0.4,285
3584,chemistry,J,A,0.9,0.8582802543978261,0.7,125
3585,chemistry,E,,0.8,0.8517019774179162,0.0,406
3586,chemistry,D,B,1.0,0.8622720344545671,1.0,215
3587,chemistry,H,B,0.9,0.779729552485844,0.9,185
3588,chemistry,B,E,0.9,0.816058030130761,0.9,152
3589,chemistry,E,J,0.8,0.7827976166183649,0.8,390
3590,chemistry,E,E,0.98,0.8568470639813713,0.98,142
3591,chemistry,G,A,0.1,0.763689034408044,0.2,466
3592,chemistry,J,J,1.0,0.8291432447025425,1.0,94
3593,chemistry,H,H,0.98,0.7191393943040019,0.98,185
3594,chemistry,E,E,0.9,0.7542297275968631,0.7,131
3595,chemistry,G,G,0.95,0.824447477214071,0.95,193
3596,chemistry,B,B,0.95,0.7961664168434968,0.95,149
3597,chemistry,G,G,0.95,0.8450721318417299,0.95,100
3598,chemistry,B,E,0.95,0.8612847931289459,0.0,115
3599,chemistry,C,J,0.95,0.7852108360023311,0.6,147
3600,chemistry,D,B,1.0,0.8192482505775157,0.2,87
3601,chemistry,F,F,0.9,0.8104498901135613,0.9,64
3602,chemistry,A,C,0.95,0.8564191262740066,0.95,401
3603,chemistry,A,C,0.8,0.7408306903991293,0.8,305
3604,chemistry,F,E,0.9,0.7518120814997835,0.9,174
3605,chemistry,G,F,0.85,0.8294934973203166,0.85,224
3606,chemistry,C,H,0.85,0.7869052730049738,0.4,295
3607,chemistry,D,,0.7,0.9119733027509851,0.0,411
3608,chemistry,G,I,0.8,0.8430572403423133,0.4,190
3609,chemistry,J,H,0.85,0.8406980645615718,0.85,150
3610,chemistry,D,I,0.99,0.8982829485429644,0.9,416
3611,chemistry,I,D,0.7,0.8739445002489422,0.0,190
3612,chemistry,E,E,0.9,0.8351144714165305,0.9,191
3613,chemistry,G,A,0.95,0.8388906451521573,0.0,226
3614,chemistry,H,D,0.95,0.8657127826084702,0.725,134
3615,chemistry,G,G,0.3,0.7664279948395852,0.3,171
3616,chemistry,D,H,0.8,0.8283762127716998,0.8,204
3617,chemistry,G,G,1.0,0.8345990628233898,1.0,268
3618,chemistry,E,D,0.9,0.8597057168852932,0.0,156
3619,chemistry,B,J,0.5,0.8567199586718884,0.0,223
3620,chemistry,G,G,1.0,0.8758764442183363,1.0,77
3621,chemistry,A,E,0.95,0.8676173782202786,0.7,312
3622,chemistry,C,D,0.95,0.8137489628563229,0.95,80
3623,chemistry,J,D,0.95,0.7718821437943082,0.8,288
3624,chemistry,I,D,0.9,0.8405470118901155,0.9,241
3625,chemistry,F,F,0.95,0.8618298525245833,0.95,171
3626,chemistry,C,,0.8,0.8536897040589784,0.0,345
3627,chemistry,C,B,0.95,0.8319792002602535,0.9666666666666667,53
3628,chemistry,D,D,1.0,0.8864906715569321,1.0,175
3629,chemistry,C,F,0.9,0.9020568168393617,0.0,162
3630,chemistry,C,C,0.95,0.8793273967528963,1.0,160
3631,chemistry,H,H,1.0,0.9168118810758742,1.0,168
3632,chemistry,I,G,0.3,0.8576050553416487,1.0,280
3633,chemistry,A,D,0.05,0.8459744214290382,0.0,198
3634,chemistry,E,E,0.95,0.941186396025604,0.95,264
3635,chemistry,E,A,0.9,0.9029928676817554,0.8,57
3636,chemistry,D,D,0.95,0.7814158305317512,0.95,185
3637,chemistry,D,B,0.95,0.9006558853301115,0.95,82
3638,chemistry,G,G,0.95,0.9277354522422702,1.0,120
3639,chemistry,B,B,0.75,0.8031294800162577,0.9,116
3640,chemistry,C,C,0.9,0.8728996249355789,1.0,224
3641,chemistry,I,I,1.0,0.8760957940751656,1.0,153
3642,chemistry,F,F,0.95,0.8680303171816722,0.8,183
3643,chemistry,B,,0.65,0.8252386513667243,0.0,146
3644,chemistry,I,I,0.95,0.9456022213386869,1.0,220
3645,chemistry,D,D,1.0,0.9172510541803014,0.95,100
3646,chemistry,D,C,0.9,0.821914739566994,0.9,172
3647,chemistry,C,C,0.95,0.8214070875756174,0.95,225
3648,chemistry,A,E,0.9,0.9324572117693308,1.0,185
3649,chemistry,J,B,0.95,0.913635519656488,0.0,103
3650,chemistry,B,C,0.9,0.8430662169598284,0.4,228
3651,chemistry,B,E,0.95,0.8249534361912089,0.8,120
3652,chemistry,F,F,0.9,0.8941601090207288,1.0,102
3653,chemistry,G,D,0.95,0.7498612205916829,0.95,129
3654,chemistry,G,G,0.85,0.8083655647523484,0.8,175
3655,chemistry,G,A,0.95,0.8829820144843781,0.95,178
3656,chemistry,I,A,0.55,0.8636816792234633,0.4,269
3657,chemistry,B,B,0.95,0.8755979586351502,0.95,202
3658,chemistry,J,B,0.95,0.8564848417359658,0.95,133
3659,chemistry,J,J,0.92,0.8975008700451025,0.92,226
3660,chemistry,H,C,0.95,0.8606602732028907,1.0,300
3661,chemistry,B,D,0.85,0.64749288849953,0.7,242
3662,chemistry,C,B,0.9,0.7958506348835996,0.8500000000000001,78
3663,chemistry,B,C,0.0,0.7797407427816375,0.0,129
3664,chemistry,C,F,1.0,0.919580168076713,0.8,157
3665,chemistry,H,D,0.3,0.7195440984882722,0.0,176
3666,chemistry,D,B,0.9,0.7952898256127569,0.9,208
3667,chemistry,B,B,1.0,0.9131635001559283,1.0,115
3668,chemistry,F,A,1.0,0.84457813347024,0.0,247
3669,chemistry,I,,0.95,0.802911091547986,0.0,479
3670,chemistry,A,J,0.95,0.7478242789791187,0.4,170
3671,chemistry,E,A,0.98,0.9101513914115492,0.98,287
3672,chemistry,A,A,0.95,0.890189334700904,0.95,188
3673,chemistry,G,D,0.95,0.7841189189034314,0.95,122
3674,chemistry,B,E,0.95,0.792128066799789,0.95,65
3675,chemistry,E,E,0.85,0.828915908198911,0.95,113
3676,chemistry,F,H,0.2,0.7154938619352303,0.0,710
3677,chemistry,H,E,0.5,0.8339467051930796,0.5,392
3678,chemistry,A,F,1.0,0.8944934295542445,0.8,350
3679,chemistry,J,A,0.8,0.8220223186815815,0.4,142
3680,chemistry,A,D,0.2,0.8923351359298216,0.0,263
3681,chemistry,E,E,1.0,0.8186047398273596,1.0,104
3682,chemistry,D,B,1.0,0.8275632179181605,1.0,91
3683,chemistry,H,G,0.8,0.7538787118845719,0.8,165
3684,chemistry,B,C,0.95,0.8277592640408286,0.95,98
3685,chemistry,G,G,0.95,0.728236936988539,0.95,147
3686,chemistry,E,E,0.95,0.8714306419505186,0.95,82
3687,chemistry,H,H,0.95,0.8601156346250659,0.95,76
3688,chemistry,A,D,0.95,0.8181055777166089,0.95,55
3689,chemistry,I,B,0.95,0.8194999086210607,0.0,57
3690,chemistry,H,H,0.95,0.8536512492985568,0.95,81
3691,chemistry,D,D,0.85,0.7041779304384169,0.0,201
3692,chemistry,D,G,0.95,0.8698971099073907,0.0,202
3693,chemistry,H,C,0.95,0.915402089155365,0.95,130
3694,chemistry,G,,1.0,0.9229177875810479,0.0,575
3695,chemistry,A,J,0.8,0.7965860697419832,0.4,123
3696,chemistry,B,B,0.8,0.7470824309085318,0.8,190
3697,chemistry,J,E,0.9,0.7625944870869781,0.6,230
3698,chemistry,C,B,0.92,0.8302448143274664,0.92,128
3699,chemistry,G,H,0.95,0.8850155881729361,0.95,186
3700,chemistry,A,C,0.95,0.8417810392753456,0.0,106
3701,chemistry,B,B,1.0,0.8840541711523328,1.0,203
3702,chemistry,J,,1.0,0.8675985897386611,0.0,237
3703,chemistry,C,C,0.9,0.9062149422075793,0.9,158
3704,chemistry,E,D,0.5,0.7940702510131739,0.5,172
3705,chemistry,B,J,0.8,0.8864496390172978,0.3333333333333333,281
3706,chemistry,H,G,0.9,0.9092288904757083,0.8,158
3707,chemistry,J,F,0.9,0.9155230295667042,0.9,127
3708,chemistry,F,F,1.0,0.8183072607514361,1.0,79
3709,chemistry,A,B,0.95,0.8558183073338469,0.0,193
3710,chemistry,A,B,0.95,0.8533550324214131,1.0,121
3711,chemistry,B,D,0.95,0.8926980102688032,0.95,386
3712,chemistry,F,A,0.98,0.8780980560121205,0.98,317
3713,chemistry,D,D,0.75,0.8413011365580121,1.0,242
3714,chemistry,A,D,0.9,0.8204088274144967,0.0,266
3715,chemistry,F,H,0.9,0.807847132370809,0.9,99
3716,chemistry,C,I,0.9,0.8529622927392877,0.9,357
3717,chemistry,C,C,0.98,0.8649269821863351,0.95,138
3718,chemistry,A,A,0.8,0.7989284703984114,0.8,403
3719,chemistry,H,E,0.95,0.8551265058435891,0.8,277
3720,chemistry,G,B,0.95,0.8503622107435855,0.95,88
3721,chemistry,F,F,1.0,0.9031228085459675,1.0,240
3722,chemistry,B,I,0.9,0.8380613083090431,0.9,252
3723,chemistry,A,D,0.98,0.886022343692489,0.0,259
3724,chemistry,F,B,0.99,0.912220490412459,0.9,129
3725,chemistry,H,B,0.92,0.8356265298169521,0.92,124
3726,chemistry,H,G,0.9,0.8281582039687067,0.0,99
3727,chemistry,H,A,0.95,0.8366618262857718,0.95,100
3728,chemistry,G,D,0.95,0.7684571676132758,0.95,87
3729,chemistry,D,I,1.0,0.9108569178273175,0.0,78
3730,chemistry,H,J,0.85,0.800459155120398,0.85,222
3731,chemistry,D,B,0.9,0.9040271087612997,0.9,81
3732,chemistry,C,C,0.95,0.8987024791144793,0.95,252
3733,chemistry,G,A,0.95,0.8500202514014865,0.95,127
3734,chemistry,C,B,0.8,0.8819419613064092,0.9,80
3735,chemistry,F,F,0.8,0.9283869818014142,0.9,643
3736,chemistry,E,E,0.9,0.8533818927474774,1.0,155
3737,chemistry,A,A,0.95,0.8745228027504947,0.95,94
3738,chemistry,B,B,1.0,0.8862272263473565,0.9,217
3739,chemistry,J,J,0.9,0.9048483608272868,1.0,226
3740,chemistry,J,B,0.9,0.8727701387001534,0.8,135
3741,chemistry,G,G,1.0,0.8487471191399907,1.0,199
3742,chemistry,H,D,0.9,0.8606568012067959,0.9,232
3743,chemistry,C,C,0.9,0.7369150839200829,0.9,303
3744,chemistry,G,A,0.95,0.8366964861404756,0.0,65
3745,chemistry,C,D,0.93,0.8938662083039273,0.95,503
3746,chemistry,J,I,0.95,0.8520638414488023,0.95,402
3747,chemistry,I,C,0.95,0.8961711518211277,0.9,97
3748,chemistry,C,B,0.95,0.896595471813207,0.95,223
3749,chemistry,D,I,0.95,0.8295603422022058,0.95,167
3750,chemistry,F,I,0.85,0.7948611938566291,0.7,301
3751,chemistry,H,A,,0.8949041544463759,,249
3752,chemistry,B,C,0.95,0.8438863784024363,0.0,77
3753,chemistry,F,F,0.8,0.8778838287888557,0.8,62
3754,chemistry,G,A,0.85,0.8240739782986441,42.925,165
3755,chemistry,I,D,1.0,0.8209897235845188,0.0,200
3756,chemistry,F,F,1.0,0.9024354496723559,1.0,132
3757,chemistry,A,,0.2,0.800923785085126,0.2,732
3758,chemistry,D,B,0.92,0.833986268840505,0.4,400
3759,chemistry,I,A,0.9,0.9058487603465026,0.95,135
3760,chemistry,G,B,0.0,0.764045468492624,0.4,395
3761,chemistry,A,,0.93,0.8623785118666691,0.0,356
3762,chemistry,G,H,0.9,0.8524846165836447,0.4,453
3763,chemistry,A,E,0.95,0.8031000717191967,0.9,381
3764,chemistry,G,F,0.9,0.8219631277412185,0.4,74
3765,chemistry,C,C,1.0,0.9119559515501783,1.0,51
3766,chemistry,B,D,0.9,0.8068291804683184,0.0,106
3767,chemistry,A,A,0.95,0.863293047454687,0.95,307
3768,chemistry,D,B,0.9,0.8705410752109809,0.0,227
3769,chemistry,F,J,0.95,0.7676002024147719,0.95,95
3770,chemistry,I,I,0.95,0.8715698279073869,0.95,176
3771,chemistry,B,A,1.0,0.8609738186155754,1.0,137
3772,chemistry,E,C,0.95,0.8903260716444403,0.4,122
3773,chemistry,G,J,0.95,0.8226115128526894,0.0,268
3774,chemistry,I,B,0.95,0.7998525638138633,0.0,101
3775,chemistry,H,D,0.95,0.8354452457348969,1.0,101
3776,chemistry,E,E,0.95,0.845574806087037,0.0,211
3777,chemistry,C,,0.85,0.8744639640857217,0.6,353
3778,chemistry,D,I,0.95,0.8814425606577333,0.78,150
3779,chemistry,J,G,0.85,0.6980426493536762,0.85,315
3780,chemistry,E,B,0.95,0.9032963106532111,0.95,114
3781,chemistry,E,J,0.5,0.8439123831682042,0.4,162
3782,chemistry,J,B,1.0,0.9510689511278444,0.3333333333333333,118
3783,chemistry,I,D,1.0,0.929316422425244,0.0,75
3784,chemistry,I,C,0.95,0.7999815528816114,0.4,192
3785,chemistry,C,A,0.95,0.730928055189086,0.0,194
3786,chemistry,A,B,1.0,0.8953406149077684,1.0,217
3787,chemistry,D,D,0.99,0.8914284831670919,1.0,124
3788,chemistry,C,G,0.9,0.8485180996263202,0.9,164
3789,chemistry,H,B,0.9,0.8250793256185752,1.0,76
3790,chemistry,H,J,0.8,0.9205933678484112,0.8,359
3791,chemistry,I,I,0.85,0.6994072973056328,0.825,122
3792,chemistry,C,B,0.9,0.8713018423754715,0.9,131
3793,chemistry,H,H,0.9,0.7823588727182457,0.9,118
3794,chemistry,B,B,0.95,0.8158673263454974,0.95,49
3795,chemistry,F,B,0.95,0.8628881255560339,0.4,100
3796,chemistry,I,J,0.75,0.8324803399081373,0.8,61
3797,chemistry,G,B,0.9,0.7362920603305536,0.7,293
3798,chemistry,G,E,0.9,0.9054470044563179,0.6,144
3799,chemistry,C,J,0.92,0.887392833774149,0.9,217
3800,chemistry,H,H,1.0,0.8172311424413976,1.0,139
3801,chemistry,H,B,1.0,0.8227365215733347,1.0,31
3802,chemistry,B,H,0.98,0.7957724303412532,0.9,173
3803,chemistry,J,B,0.9,0.8969269833244099,0.9,67
3804,chemistry,D,A,1.0,0.7817772416827253,0.8,346
3805,chemistry,F,F,0.9,0.8631050449207173,1.0,259
3806,chemistry,J,E,1.0,0.927502540091683,0.9,367
3807,chemistry,C,C,1.0,0.8546411135810538,0.9,170
3808,chemistry,B,C,1.0,0.7598801031487489,0.0,137
3809,chemistry,D,B,0.9,0.8398882278170947,0.9,135
3810,chemistry,H,B,0.95,0.8249004446431002,0.0,62
3811,chemistry,A,A,0.85,0.8943030047762806,0.95,210
3812,chemistry,F,D,0.3,0.818652116959228,0.4,409
3813,chemistry,G,G,0.95,0.9357595627362669,0.95,203
3814,chemistry,A,H,0.8,0.8730382138221054,0.8,93
3815,chemistry,A,D,0.95,0.8878269881176344,0.0,339
3816,chemistry,F,F,0.9,0.9035923926189193,0.95,202
3817,chemistry,E,E,0.95,0.8666175703814714,0.95,128
3818,chemistry,B,B,1.0,0.8827376894714595,0.26666666666666666,387
3819,chemistry,I,E,0.95,0.8123774331812247,0.95,143
3820,chemistry,G,J,0.75,0.7519511996851826,0.4,61
3821,chemistry,F,A,0.95,0.8670356824541796,0.0,62
3822,chemistry,A,I,0.9,0.8536902403914112,0.9,236
3823,chemistry,J,,0.0,0.8473511339107997,0.0,238
3824,chemistry,J,J,1.0,0.9195658919771005,0.95,175
3825,chemistry,C,C,0.98,0.8814385427734289,0.9,312
3826,chemistry,H,H,0.9,0.848594034398366,0.8,58
3827,chemistry,G,G,1.0,0.9216483177782647,1.0,241
3828,chemistry,G,B,0.9,0.8198314036043857,0.0,150
3829,chemistry,H,D,0.95,0.9156199462944337,0.95,728
3830,chemistry,E,D,0.9,0.8623275485484787,0.9,214
3831,chemistry,F,D,0.8,0.7125988420409682,0.8,156
3832,chemistry,C,C,0.95,0.8289095032430485,1.0,171
3833,chemistry,F,B,0.95,0.8527285249846609,0.95,202
3834,chemistry,B,H,0.95,0.9122421460118855,0.9,104
3835,chemistry,H,G,0.7,0.7957575103593841,0.7,326
3836,chemistry,I,I,0.8,0.7308225797939322,0.8,131
3837,chemistry,I,C,0.95,0.8558709173608393,0.95,165
3838,chemistry,A,B,0.95,0.8488325179748155,0.95,157
3839,chemistry,G,G,1.0,0.881073805333154,1.0,501
3840,chemistry,J,G,0.85,0.846753439944423,0.85,107
3841,chemistry,J,C,1.0,0.78873452845237,1.0,163
3842,chemistry,A,A,0.95,0.8891012488938203,0.95,208
3843,chemistry,D,D,0.9,0.8928685998282027,0.9,158
3844,chemistry,I,I,0.95,0.7377365525452921,0.95,157
3845,chemistry,F,A,0.99,0.8349230671688187,0.99,129
3846,chemistry,B,C,0.9,0.7328309704650564,0.8,138
3847,chemistry,B,J,0.55,0.7439439867531987,0.5,54
3848,chemistry,E,A,0.8,0.8658886942757901,0.9,173
3849,chemistry,B,A,1.0,0.7493012467808895,0.6,125
3850,chemistry,D,D,1.0,0.895949040111679,1.0,84
3851,chemistry,D,B,0.9,0.9093045544893589,0.0,431
3852,chemistry,C,B,0.9,0.7985888859132628,0.7,195
3853,chemistry,E,A,0.95,0.7600189487983166,0.95,128
3854,chemistry,D,C,1.0,0.8490809481447964,0.7,115
3855,chemistry,B,C,1.0,0.7683814860418287,1.0,126
3856,chemistry,D,I,,0.7124452515863945,,65
3857,chemistry,A,A,1.0,0.7755954685395893,0.9,125
3858,chemistry,B,A,1.0,0.8392681953586212,0.0,111
3859,chemistry,C,C,1.0,0.7486498720685433,1.0,98
3860,chemistry,H,A,0.95,0.7472207406170432,0.95,131
3861,chemistry,E,B,0.98,0.7845191365859512,0.98,82
3862,chemistry,D,D,0.95,0.8608657145398549,0.0,56
3863,chemistry,C,G,0.8,0.8141650709387829,0.8,54
3864,chemistry,J,D,0.95,0.7873900790460824,0.95,83
3865,chemistry,A,F,1.0,0.8626488021191464,0.95,110
3866,chemistry,B,E,0.85,0.7032942630546413,0.85,199
3867,chemistry,H,B,0.85,0.889513079026508,0.95,169
3868,chemistry,B,I,0.0,0.7029546195937514,0.0,536
3869,chemistry,J,C,0.6,0.7473156401022426,0.8,542
3870,chemistry,I,D,0.95,0.8616388054120182,0.8,113
3871,chemistry,D,B,0.85,0.8049743814917931,0.8,73
3872,chemistry,H,G,0.0,0.6945612843255827,0.0,99
3873,chemistry,J,B,0.9,0.858691951232566,1.0,106
3874,chemistry,B,A,0.95,0.9258955320041623,0.95,156
3875,chemistry,G,C,0.95,0.8271419200260882,0.95,125
3876,chemistry,J,A,0.95,0.8313967242253989,0.95,132
3877,chemistry,H,H,0.85,0.7666794928821891,0.95,153
3878,chemistry,H,H,0.9,0.822707919535478,0.9,321
3879,chemistry,A,G,0.9,0.8566903707908319,0.8,151
3880,chemistry,H,,0.9,0.850955652934602,0.9,309
3881,chemistry,I,J,0.85,0.8788279413511335,0.85,375
3882,chemistry,D,B,0.95,0.9056917431260199,1.0,169
3883,chemistry,B,B,0.95,0.8333503049389044,0.95,215
3884,chemistry,I,G,0.98,0.8931314960118981,0.9,127
3885,chemistry,J,C,0.95,0.8501149265455193,0.95,85
3886,chemistry,B,B,0.95,0.8852301777290439,0.95,258
3887,chemistry,B,B,0.95,0.9304504982581796,0.95,180
3888,chemistry,J,I,0.75,0.8844348054532102,0.8,425
3889,chemistry,C,B,0.95,0.7578012320934526,0.6,189
3890,chemistry,D,G,0.95,0.880240890782461,0.9,532
3891,chemistry,C,C,1.0,0.9237298137013673,1.0,85
3892,chemistry,J,A,0.9,0.8616990668593559,0.0,354
3893,chemistry,E,D,0.85,0.8383254647785648,0.85,146
3894,chemistry,F,I,0.95,0.7898887002072991,0.6,136
3895,chemistry,G,C,0.75,0.7824509958547542,0.85,233
3896,chemistry,A,A,0.95,0.8987787550985313,0.95,176
3897,chemistry,G,E,0.95,0.8426163793389634,0.0,315
3898,chemistry,H,B,0.95,0.906132978135049,0.0,296
3899,chemistry,E,B,0.7,0.7955179772506432,0.0,301
3900,chemistry,J,D,0.9,0.9125669377012683,0.8,399
3901,chemistry,A,D,1.0,0.861951518034386,0.7,355
3902,chemistry,E,G,0.9,0.8831708501449198,0.9,178
3903,chemistry,H,D,0.9,0.8280711342306787,0.4,150
3904,chemistry,E,E,1.0,0.9094457036913108,1.0,64
3905,chemistry,J,E,1.0,0.8517788059271673,0.0,149
3906,chemistry,I,B,0.95,0.7489802640570842,0.8,169
3907,chemistry,F,F,0.9,0.8990222505855641,1.0,137
3908,chemistry,C,H,0.85,0.8021651885728919,0.6,99
3909,chemistry,F,F,0.25,0.7381868081829133,0.6,224
3910,chemistry,C,I,0.2,0.80266483488049,0.2,513
3911,chemistry,C,C,0.85,0.7078098172804106,0.85,130
3912,chemistry,D,A,0.9,0.878646898442148,0.9,160
3913,chemistry,B,C,0.9,0.8311029363746197,0.0,158
3914,chemistry,B,B,1.0,0.8126281737148692,1.0,138
3915,chemistry,H,A,0.92,0.8339946551787786,0.92,100
3916,chemistry,E,F,1.0,0.9069509706623016,0.5,359
3917,chemistry,A,I,0.95,0.8556149879636779,0.4,305
3918,chemistry,C,B,1.0,0.911550048058863,0.0,124
3919,chemistry,I,H,0.95,0.7845401072716577,0.95,54
3920,chemistry,F,D,0.85,0.8862215120344654,0.6,587
3921,chemistry,I,G,0.9,0.8435690958289342,0.6,213
3922,chemistry,B,J,0.95,0.8379018072975143,0.4,303
3923,chemistry,D,D,1.0,0.8975410220361385,0.95,235
3924,chemistry,B,B,1.0,0.8885401211851165,1.0,110
3925,chemistry,C,C,0.9,0.8511168735196317,0.8,450
3926,chemistry,I,E,0.8,0.7732752687311021,0.9,661
3927,chemistry,E,B,0.9,0.8045684628882512,0.9,77
3928,chemistry,I,A,1.0,0.917943756845955,0.0,84
3929,chemistry,F,B,0.95,0.9255801133373879,0.95,141
3930,chemistry,D,C,0.9,0.8530160104890526,1.0,155
3931,chemistry,J,B,1.0,0.84762008659904,0.9,300
3932,chemistry,B,G,0.7,0.7782427530489563,0.2,368
3933,chemistry,A,B,0.95,0.8459892113959477,0.95,92
3934,chemistry,I,I,0.95,0.8787751533076048,0.95,102
3935,chemistry,B,I,0.95,0.7850118807344074,0.95,262
3936,chemistry,H,D,0.9,0.8618783954835058,1.0,112
3937,chemistry,E,I,0.95,0.8913794967986665,0.95,162
3938,chemistry,F,F,0.99,0.8922526967349772,0.99,208
3939,chemistry,D,E,0.95,0.8508981774291436,0.4,230
3940,chemistry,G,C,0.95,0.8026715417223381,0.0,93
3941,chemistry,A,E,0.9,0.8445350381249584,0.8,288
3942,chemistry,H,I,1.0,0.8405170328395317,0.8,266
3943,chemistry,E,C,0.9,0.8705971570263025,0.7,264
3944,chemistry,J,D,0.95,0.8273913055964007,0.95,208
3945,chemistry,G,G,0.8,0.7886378453870292,0.9,94
3946,chemistry,I,A,0.85,0.8653950100341606,0.0,176
3947,chemistry,B,A,0.95,0.8600192153505327,0.6,289
3948,chemistry,F,A,0.9,0.8743821999899605,0.8,137
3949,chemistry,G,J,0.95,0.786642053032233,0.95,120
3950,chemistry,J,J,0.95,0.7904205005352273,0.95,92
3951,chemistry,G,D,0.95,0.7695009050380459,0.95,80
3952,chemistry,C,J,0.95,0.6653331816567897,0.85,174
3953,chemistry,D,C,0.9,0.8221898050585518,0.4,79
3954,chemistry,J,J,0.95,0.6784165919530767,0.4,218
3955,chemistry,H,H,0.95,0.9021253661903027,0.95,219
3956,chemistry,G,B,0.9,0.8108161299508321,0.0,231
3957,chemistry,H,H,0.9,0.8465858260666745,0.9,65
3958,chemistry,E,J,0.9,0.7632571745323922,0.8,190
3959,chemistry,F,F,0.95,0.8054539833334198,0.95,159
3960,chemistry,B,G,1.0,0.8057484296418136,1.0,80
3961,chemistry,I,I,0.95,0.8105130248621883,0.95,81
3962,chemistry,H,C,0.95,0.9156518498162369,0.95,179
3963,chemistry,C,D,0.9,0.7849947825301485,0.9,171
3964,chemistry,C,E,0.0,0.8654908131644824,0.0,247
3965,chemistry,E,I,0.0,0.841817718984879,0.0,123
3966,chemistry,F,A,0.95,0.8249226730373825,0.95,180
3967,chemistry,B,B,1.0,0.8813390373874501,0.7,114
3968,chemistry,D,C,0.92,0.8638788609695097,0.9,239
3969,chemistry,D,C,0.92,0.8950187190117419,0.5,113
3970,chemistry,I,C,0.95,0.8389603219493798,0.95,156
3971,chemistry,H,C,1.0,0.877369991367105,0.9,217
3972,chemistry,B,,0.4,0.8168554128914302,0.0,407
3973,chemistry,G,C,0.95,0.8660999221402188,0.0,117
3974,chemistry,I,E,0.95,0.8320969370110772,0.0,303
3975,chemistry,D,J,0.7,0.7988697752051991,0.8,65
3976,chemistry,E,A,1.0,0.6324598041203907,1.0,901
3977,chemistry,H,B,0.4,0.7852573778458695,0.8,170
3978,chemistry,C,A,0.3,0.8194913025036484,0.8,231
3979,chemistry,I,B,1.0,0.8417779695335142,1.0,220
3980,chemistry,I,I,0.95,0.9340016805301075,1.0,160
3981,chemistry,G,F,0.9,0.8668085735711327,0.7,411
3982,chemistry,C,I,1.0,0.7483361290105173,0.0,91
3983,chemistry,H,C,1.0,0.8500891406717243,0.0,208
3984,chemistry,E,J,0.9,0.9048818201946799,0.0,175
3985,chemistry,E,E,0.85,0.8318456474603707,0.85,188
3986,chemistry,B,B,0.8,0.9228440871134962,0.8,64
3987,chemistry,A,D,0.0,0.79529744896562,0.9,191
3988,chemistry,A,A,1.0,0.9056580208794744,1.0,225
3989,chemistry,C,E,0.7,0.8983211204113749,0.7,528
3990,chemistry,C,,0.95,0.856257130793723,0.7,157
3991,chemistry,A,A,0.95,0.9213861511606446,0.95,512
3992,chemistry,E,A,1.0,0.8185767409412394,0.9,132
3993,chemistry,G,D,0.75,0.7749325431394497,0.9,124
3994,chemistry,C,C,0.95,0.8070946547366,0.95,105
3995,chemistry,F,I,0.95,0.8248779012641795,0.8,224
3996,chemistry,F,,1.0,0.8157223718973451,1.0,473
3997,chemistry,I,A,0.95,0.8465595908251691,0.95,120
3998,chemistry,F,D,0.8,0.8069804820849686,0.4,279
3999,chemistry,G,E,0.8,0.7847925727076649,0.8,149
4000,chemistry,H,G,0.9,0.8775664013339838,0.9,108
4001,chemistry,J,A,0.95,0.8229046912912821,0.95,98
4002,chemistry,A,D,0.7,0.8444554202963614,0.6,338
4003,chemistry,B,C,0.95,0.877226732619225,0.95,129
4004,chemistry,G,H,0.9,0.8425034321015283,0.9,144
4005,chemistry,B,A,0.95,0.8584253320146217,0.0,98
4006,chemistry,I,B,0.9,0.7830969833208024,0.0,180
4007,chemistry,D,B,0.9,0.8054373019175185,0.4,138
4008,chemistry,I,E,0.97,0.7816113827280656,0.8,68
4009,chemistry,C,C,1.0,0.9254482221212659,1.0,207
4010,chemistry,J,A,0.9,0.7496241465036245,0.8,233
4011,chemistry,B,,0.2,0.6663952171405296,0.0,231
4012,chemistry,I,A,0.9,0.803709346585513,0.2,147
4013,chemistry,D,D,0.9,0.8553389387380119,0.95,286
4014,chemistry,E,B,0.98,0.8883754959360965,0.98,515
4015,chemistry,A,E,0.9,0.9121199276362401,0.9,270
4016,chemistry,D,B,0.9,0.8017933876562824,0.9,126
4017,chemistry,A,A,1.0,0.6611214598349208,0.9,656
4018,chemistry,A,I,0.5,0.8402037917786243,0.4,275
4019,chemistry,F,I,0.9,0.8796060677563982,0.9,362
4020,chemistry,H,H,0.95,0.8843768390116138,1.0,155
4021,chemistry,E,B,0.98,0.8434928760254676,0.98,131
4022,chemistry,D,D,0.9,0.8535920415291437,0.9,190
4023,chemistry,A,E,0.9,0.8641282301613299,0.9,262
4024,chemistry,A,B,0.95,0.8551492865086968,0.95,280
4025,chemistry,G,G,1.0,0.8357534885048223,1.0,292
4026,chemistry,F,E,0.3,0.8371355868055471,0.0,386
4027,chemistry,C,C,0.95,0.8029445740385877,0.95,83
4028,chemistry,D,D,0.95,0.8977771081423753,0.95,224
4029,chemistry,I,I,0.92,0.7876621181674769,0.9,290
4030,chemistry,A,D,0.9,0.8025964343657422,0.9,348
4031,chemistry,G,B,0.9,0.8208850093404616,0.9,241
4032,chemistry,D,D,0.95,0.7560333252113303,0.95,89
4033,chemistry,F,F,1.0,0.9230801847154247,1.0,431
4034,chemistry,E,C,0.95,0.8185812403994581,0.0,101
4035,chemistry,A,J,1.0,0.791710151652438,1.0,107
4036,chemistry,E,B,0.7,0.8900494825269749,0.0,294
4037,chemistry,D,H,0.9,0.8619484223349657,0.2,85
4038,chemistry,C,H,0.95,0.8176377830425251,0.0,72
4039,chemistry,G,E,0.99,0.7965914022138063,0.0,137
4040,chemistry,C,D,1.0,0.871621697321109,0.0,103
4041,chemistry,D,D,0.95,0.9125011984440325,0.95,107
4042,chemistry,B,G,0.95,0.759991317599706,47.975,85
4043,chemistry,F,C,0.95,0.8760001998943209,1.0,105
4044,chemistry,D,C,0.85,0.8221638504982847,0.9,252
4045,chemistry,F,B,0.85,0.8510764463097261,0.9,188
4046,chemistry,E,D,0.95,0.8564596985145821,0.95,205
4047,chemistry,H,B,0.9,0.8711757807033536,0.9,161
4048,chemistry,B,A,0.95,0.8337565046932758,0.95,189
4049,chemistry,C,,0.5,0.7733491097735068,0.0,284
4050,chemistry,D,C,0.95,0.8452888044195459,0.0,159
4051,chemistry,B,F,1.0,0.8916922079793257,1.0,143
4052,chemistry,E,H,1.0,0.8854328690127036,0.8,199
4053,chemistry,H,H,0.95,0.9000735063729672,0.95,289
4054,chemistry,G,D,1.0,0.8609135262439874,1.0,229
4055,chemistry,D,C,0.8,0.8249540458061726,0.0,301
4056,chemistry,C,E,0.99,0.8883444422104844,0.99,169
4057,chemistry,H,H,0.8,0.8285121842742996,0.9,298
4058,chemistry,F,A,0.95,0.8204201710228889,0.0,116
4059,chemistry,G,A,1.0,0.7781270184641078,0.7,251
4060,chemistry,A,C,0.9,0.8732106506720052,0.4,261
4061,chemistry,B,F,0.9,0.8321935075843482,0.8,86
4062,chemistry,F,C,0.9,0.8698254861937004,1.0,294
4063,chemistry,D,B,0.9,0.8488858879862865,0.9,119
4064,chemistry,A,A,0.95,0.7480283334854001,0.95,132
4065,chemistry,F,B,0.9,0.9125801531049469,0.0,232
4066,chemistry,J,I,0.95,0.8838859936627524,0.9,141
4067,chemistry,D,D,0.85,0.8229799556793961,0.85,69
4068,chemistry,H,C,0.95,0.8404920111608587,0.7124999999999999,173
4069,chemistry,A,I,0.9,0.8771396217856579,0.0,143
4070,chemistry,C,E,0.95,0.9157944236863179,0.95,387
4071,chemistry,A,J,0.8,0.8616696414418802,0.0,250
4072,chemistry,E,E,1.0,0.864315478204246,0.9,332
4073,chemistry,C,C,0.95,0.8197986368463412,0.9,261
4074,chemistry,C,D,0.65,0.8444254094504484,0.0,335
4075,chemistry,G,G,1.0,0.9563445180738926,1.0,114
4076,chemistry,H,C,0.95,0.8794063868073954,0.95,55
4077,chemistry,D,A,0.98,0.8195492538811082,1.0,137
4078,chemistry,G,D,0.9,0.8363372152818559,0.9,227
4079,chemistry,D,A,0.95,0.9077272206219525,0.0,48
4080,chemistry,C,B,0.95,0.8338522056269418,0.0,105
4081,chemistry,A,B,0.95,0.7501741195736156,0.8,176
4082,chemistry,C,C,0.95,0.7861254958887972,0.95,192
4083,chemistry,H,A,1.0,0.8539226828250331,1.0,76
4084,chemistry,F,F,0.98,0.8910470874134181,1.0,190
4085,chemistry,G,H,0.98,0.8546234834584576,0.98,227
4086,chemistry,C,B,0.95,0.8154053777387981,0.95,147
4087,chemistry,G,B,1.0,0.8836954272935009,0.9,56
4088,chemistry,J,F,0.9,0.8391240576173895,0.9,91
4089,chemistry,D,G,0.95,0.8113950789597882,0.95,68
4090,chemistry,A,G,0.8,0.7059202185771836,0.4,205
4091,chemistry,E,I,0.9,0.8715818232760022,0.9,223
4092,chemistry,H,B,0.9,0.8571801960930797,0.9,508
4093,chemistry,D,B,0.95,0.9045727668090655,0.0,64
4094,chemistry,J,,0.0,0.9019896211255582,0.9,788
4095,chemistry,A,J,0.8,0.85563879722164,0.8,93
4096,chemistry,E,C,0.9,0.8449076533227914,0.9,496
4097,chemistry,D,,0.5,0.8225330595392434,0.0,289
4098,chemistry,G,H,0.9,0.8428683345944203,0.9,227
4099,chemistry,J,J,0.95,0.9038556169299907,0.95,233
4100,chemistry,C,H,0.75,0.9024816592459862,0.0,177
4101,chemistry,I,I,1.0,0.8820208815189273,0.7,88
4102,chemistry,C,C,1.0,0.9048562607408375,1.0,256
4103,chemistry,H,B,1.0,0.849456501790269,0.4,268
4104,chemistry,E,D,1.0,0.7486566284369836,0.9,94
4105,chemistry,B,C,0.95,0.8266797624529664,0.95,131
4106,chemistry,H,H,0.95,0.8690879668732817,0.8,278
4107,chemistry,B,D,0.85,0.8547637842936175,0.2,536
4108,chemistry,B,D,0.9,0.8804030585283953,0.9,106
4109,chemistry,G,,0.9,0.7862199331696544,0.4,395
4110,chemistry,F,B,0.9,0.8282411116717092,0.9,174
4111,chemistry,G,B,0.8,0.7303080138735208,0.2,201
4112,chemistry,D,B,0.95,0.8665920510941496,1.0,219
4113,chemistry,B,A,0.95,0.868159495587265,0.95,63
4114,chemistry,J,D,0.95,0.8012428891383161,0.6,380
4115,chemistry,A,,0.95,0.7443161886561589,0.95,227
4116,chemistry,E,B,0.95,0.8560775617881804,0.4,207
4117,chemistry,I,I,0.95,0.8891467957174238,0.95,60
4118,chemistry,B,G,1.0,0.806171426677541,0.7,140
4119,chemistry,A,A,0.9,0.8610857207688466,0.9,287
4120,chemistry,J,A,0.9,0.8085242242284081,0.9,102
4121,chemistry,J,H,0.85,0.8051035316229036,0.85,225
4122,chemistry,E,G,0.9,0.7234310834210034,0.9,228
4123,chemistry,E,H,0.99,0.9103595330710997,0.0,126
4124,chemistry,C,C,0.95,0.809603301692078,0.95,103
4125,chemistry,F,F,1.0,0.8794719968450891,1.0,38
4126,chemistry,B,F,0.95,0.7978375178978812,0.95,157
4127,chemistry,A,J,0.95,0.7094908776988624,0.0,130
4128,chemistry,H,F,0.95,0.8415414396123343,0.0,131
4129,chemistry,B,D,0.95,0.8546654717251791,0.95,338
4130,chemistry,F,B,0.98,0.89888007840533,0.0,124
4131,chemistry,F,B,0.95,0.8695799661776765,0.95,85
4132,chemistry,J,G,0.85,0.8898967922182875,0.7,85
4133,chemistry,C,I,0.9,0.8866508117393216,0.9,129
4134,chemistry,F,I,0.9,0.828570713254068,0.9,239
4135,chemistry,I,D,1.0,0.8336415143406659,0.9,79
4136,chemistry,G,C,0.6,0.7076878309414073,0.8,147
4137,chemistry,H,H,1.0,0.9357887908522362,1.0,359
4138,chemistry,A,,1.0,0.90959582815099,0.8,515
4139,chemistry,I,B,0.99,0.8940581725998782,0.0,120
4140,chemistry,B,B,0.95,0.8686883430492793,0.95,118
4141,chemistry,J,B,0.95,0.8550370238471191,0.8,168
4142,chemistry,A,J,0.95,0.7973521812375484,0.0,204
4143,chemistry,H,J,1.0,0.800342651572685,0.2,240
4144,chemistry,G,G,0.9,0.8607427248001711,0.8,122
4145,chemistry,A,E,0.95,0.8927302628554934,0.95,199
4146,chemistry,H,H,0.9,0.8668304949379504,0.95,312
4147,chemistry,C,G,0.85,0.9124620761261703,1.0,152
4148,chemistry,A,I,0.9,0.8782890053872555,0.4,361
4149,chemistry,I,B,0.85,0.7336443025950907,0.85,319
4150,chemistry,A,H,0.9,0.8883200393087757,0.9,286
4151,chemistry,J,H,0.9,0.8973749345809195,0.7,203
4152,chemistry,D,E,0.9,0.8666741029432874,0.9,127
4153,chemistry,F,B,0.75,0.8153950016255423,0.5,328
4154,chemistry,G,C,0.95,0.8078518409073172,0.95,83
4155,chemistry,E,J,0.95,0.8742627918180141,0.4,219
4156,chemistry,E,A,0.95,0.8598712877542622,0.95,284
4157,chemistry,J,J,0.95,0.8031583136123006,0.95,101
4158,chemistry,D,B,0.9,0.734889469020308,0.6,278
4159,chemistry,F,F,1.0,0.8930852672737098,1.0,166
4160,chemistry,C,C,0.95,0.8747278459424555,0.95,61
4161,chemistry,I,A,0.9,0.7730996709399732,0.0,189
4162,chemistry,G,I,0.9,0.6252569832188505,0.4,152
4163,chemistry,D,A,0.95,0.7529676830725528,0.95,236
4164,chemistry,B,B,1.0,0.921893356162063,1.0,116
4165,chemistry,A,A,1.0,0.9290633695422559,1.0,115
4166,chemistry,H,I,0.0,0.8291265508114523,0.0,269
4167,chemistry,H,B,0.5,0.8078685846450765,0.0,305
4168,chemistry,F,B,0.98,0.8052787145808507,0.9,259
4169,chemistry,C,D,0.9,0.8579564904423018,0.9,466
4170,chemistry,E,,0.95,0.8059944059102508,0.95,323
4171,chemistry,C,C,0.95,0.8342882459558338,0.95,248
4172,chemistry,A,D,0.95,0.7535442104768705,0.95,187
4173,chemistry,A,,0.85,0.7882347014300484,0.825,241
4174,chemistry,A,C,0.9,0.8521991589181057,0.4,428
4175,chemistry,H,E,0.95,0.8472063479806593,0.95,180
4176,chemistry,H,H,1.0,0.8427636005486867,1.0,209
4177,chemistry,A,D,1.0,0.794100077749387,0.8,336
4178,chemistry,C,D,1.0,0.8194044011522844,0.9,134
4179,chemistry,E,I,0.9,0.8921072859916217,0.7,123
4180,chemistry,D,D,1.0,0.8766004463539523,1.0,240
4181,chemistry,G,D,0.95,0.8356990639287464,0.95,88
4182,chemistry,B,E,0.95,0.8653856269613408,0.95,251
4183,chemistry,D,A,0.95,0.8312615468783148,0.9,100
4184,chemistry,C,B,0.9,0.8316864658821428,0.4,145
4185,chemistry,A,B,0.9,0.8920574647382778,0.9,61
4186,chemistry,F,F,1.0,0.9196192984015743,1.0,151
4187,chemistry,F,F,0.9,0.859470395098453,0.9,69
4188,chemistry,J,C,0.84,0.9150348829572394,0.4,376
4189,chemistry,J,B,0.95,0.9051119917595434,0.0,97
4190,chemistry,I,I,1.0,0.8890653386841896,1.0,211
4191,chemistry,J,J,0.9,0.7919928195045909,0.9,103
4192,chemistry,G,C,0.95,0.8679162350494269,0.95,100
4193,chemistry,H,J,1.0,0.8111703185197148,1.0,119
4194,chemistry,C,A,0.9,0.8266897036521118,0.9,169
4195,chemistry,H,,1.0,0.8725382835990234,1.0,141
4196,chemistry,F,H,0.95,0.7059034530924874,0.95,301
4197,chemistry,H,D,0.78,0.7557849270033508,0.6,422
4198,chemistry,D,B,0.9,0.8310461059744001,0.9,216
4199,chemistry,I,B,0.0,0.8340646867320844,0.3333333333333333,93
4200,chemistry,B,C,0.7,0.605789156952735,,1675
4201,chemistry,A,A,0.9,0.8625710776857389,0.9,131
4202,chemistry,C,J,0.9,0.8591427778253314,0.9,85
4203,chemistry,G,J,0.0,0.8346694128279727,0.95,59
4204,chemistry,F,F,0.95,0.7672744214067072,0.95,448
4205,chemistry,B,D,0.95,0.790073238062876,0.95,142
4206,chemistry,E,E,0.9,0.7555360942131004,0.4,178
4207,chemistry,D,D,1.0,0.9172244961412153,0.9,131
4208,chemistry,B,D,0.9,0.8471495835751093,0.4,179
4209,chemistry,I,B,0.8,0.8604938069693677,0.8,65
4210,chemistry,I,I,0.85,0.8028668693016952,0.85,44
4211,chemistry,H,H,1.0,0.8371216022320795,1.0,100
4212,chemistry,H,D,1.0,0.8727857019436114,0.0,69
4213,chemistry,C,C,0.92,0.9068536544007854,0.92,124
4214,chemistry,G,,0.95,0.7445485169758433,0.95,48
4215,chemistry,E,D,0.8,0.800918228365399,0.8,371
4216,chemistry,J,A,0.9,0.773738151107012,0.0,180
4217,chemistry,G,B,1.0,0.8870550087453234,0.6666666666666666,114
4218,chemistry,D,D,0.95,0.877298022962288,0.95,93
4219,chemistry,J,C,0.8,0.8150690309629249,0.0,143
4220,chemistry,I,A,0.85,0.6706541100430943,0.0,308
4221,chemistry,I,C,0.85,0.7378989822696403,0.7,195
4222,chemistry,I,B,0.9,0.8078478265765888,0.9,145
4223,chemistry,B,C,0.95,0.7166287537541536,0.95,473
4224,chemistry,F,F,0.85,0.8392796293042616,0.85,111
4225,chemistry,G,J,0.0,0.8432894373360028,0.7,259
4226,chemistry,D,D,0.95,0.7515402103976236,0.95,337
4227,chemistry,F,H,0.95,0.8559789999520347,0.95,118
4228,chemistry,F,E,1.0,0.8725885200054424,1.0,516
4229,chemistry,A,B,0.95,0.9065441331467906,0.95,84
4230,chemistry,D,E,0.95,0.90881059267184,0.95,208
4231,chemistry,F,C,,0.8457021873188277,,551
4232,chemistry,I,I,0.8,0.8242122670442209,0.8,184
4233,chemistry,D,A,0.95,0.870080594984468,0.95,103
4234,chemistry,E,B,1.0,0.9001070690847893,0.8,311
4235,chemistry,E,E,0.9,0.8068303218964765,1.0,72
4236,chemistry,C,A,0.9,0.8218787725483403,0.9,308
4237,chemistry,D,D,0.99,0.8154080023678147,0.9,141
4238,chemistry,B,E,0.95,0.8228430535532005,0.95,104
4239,chemistry,H,H,0.95,0.8339913249684463,0.95,63
4240,chemistry,C,F,0.95,0.8281376509362253,0.95,179
4241,chemistry,C,J,0.98,0.8304803624036557,0.9,169
4242,chemistry,I,D,1.0,0.7941519623366281,0.4,125
4243,chemistry,D,D,1.0,0.9178473940873778,1.0,203
4244,chemistry,H,H,1.0,0.9148854690701592,1.0,116
4245,chemistry,J,H,1.0,0.8767095285183798,0.0,91
4246,chemistry,E,D,0.9,0.9089914722305448,0.7,303
4247,chemistry,B,I,0.95,0.8712043618445264,0.95,226
4248,chemistry,H,E,0.95,0.8925842165278415,0.95,207
4249,chemistry,A,A,0.85,0.8755104656382748,1.0,176
4250,chemistry,J,G,0.95,0.8426065643711247,0.0,146
4251,chemistry,H,C,0.8,0.7503006207652646,0.7,241
4252,chemistry,B,E,0.95,0.8399489702528048,0.9,130
4253,chemistry,B,C,0.95,0.7337221580803616,0.7,416
4254,chemistry,B,,0.5,0.7990173273185742,0.0,351
4255,chemistry,D,,0.85,0.8357704677682226,0.8,200
4256,chemistry,F,D,0.9,0.8169715200959945,0.9,178
4257,chemistry,A,E,0.9,0.7027790308044134,0.0,142
4258,chemistry,I,B,0.92,0.8862377112754084,1.0,459
4259,chemistry,C,C,0.95,0.8866759077523787,0.95,120
4260,chemistry,H,H,0.95,0.904977722458345,0.95,211
4261,chemistry,C,A,0.95,0.8972467740043598,0.4,333
4262,chemistry,E,E,1.0,0.9106914623155153,1.0,92
4263,chemistry,D,D,0.95,0.8289865438291624,0.0,104
4264,chemistry,E,B,0.95,0.822612774332163,0.95,204
4265,chemistry,F,F,1.0,0.85910767687006,1.0,175
4266,chemistry,F,D,0.98,0.844127646316667,0.4,320
4267,chemistry,A,,0.9,0.914610207192885,1.0,154
4268,chemistry,H,I,0.95,0.80515568983881,0.0,196
4269,chemistry,H,E,0.95,0.9192582958000394,0.7,554
4270,chemistry,E,C,0.95,0.8571901522469899,0.8,204
4271,chemistry,H,H,1.0,0.9109703395399341,1.0,359
4272,chemistry,C,E,0.55,0.8535560636958133,0.6,283
4273,chemistry,I,E,0.95,0.8549788156618384,1.0,462
4274,chemistry,C,B,0.85,0.7930089954559616,0.4,153
4275,chemistry,G,B,1.0,0.8412866218071392,0.7,309
4276,chemistry,B,J,1.0,0.846577684097437,0.8,128
4277,chemistry,J,C,0.95,0.8931509675731134,0.31666666666666665,95
4278,chemistry,I,D,1.0,0.9234602963076298,1.0,129
4279,chemistry,J,B,0.9,0.7702819069943037,0.0,80
4280,chemistry,F,H,1.0,0.8273470650888104,1.0,117
4281,chemistry,E,H,0.9,0.8422834204436398,0.9,204
4282,chemistry,J,D,0.95,0.8827477756071989,0.8,295
4283,chemistry,A,A,0.95,0.8608711113790537,0.95,175
4284,chemistry,A,B,0.95,0.861356853132888,0.9,206
4285,chemistry,C,J,0.95,0.8683432592954593,0.95,119
4286,chemistry,C,B,0.84,0.8164359257332098,0.0,376
4287,chemistry,H,H,1.0,0.8257939138100295,1.0,281
4288,chemistry,G,G,0.6,0.7487846295514297,0.8,102
4289,chemistry,I,I,0.8,0.8628436603973533,0.9,236
4290,chemistry,C,I,1.0,0.8095469495730775,1.0,83
4291,chemistry,H,C,0.95,0.8581989421221893,0.95,107
4292,chemistry,F,C,0.9,0.8608702627189068,0.9,92
4293,chemistry,E,H,0.75,0.8415514215427748,0.6,687
4294,chemistry,G,E,0.95,0.7422187389601763,0.95,306
4295,chemistry,C,A,0.95,0.8210984608358554,0.95,184
4296,chemistry,A,G,0.95,0.7338608510130626,0.0,166
4297,chemistry,B,B,0.98,0.8532950797294129,0.98,165
4298,chemistry,E,E,1.0,0.8311880299140085,1.0,149
4299,chemistry,H,A,0.95,0.9039737914360122,0.5,72
4300,chemistry,G,D,0.95,0.8714208276106746,0.0,212
4301,chemistry,H,J,0.9,0.818618719759195,0.9,95
4302,chemistry,C,C,0.95,0.8697755801368692,0.95,300
4303,chemistry,G,B,0.92,0.7613741767593186,0.0,325
4304,chemistry,J,H,0.95,0.8631032272743151,0.95,71
4305,chemistry,H,G,0.9,0.8529232377852333,0.9,237
4306,chemistry,E,E,0.95,0.8320270465764028,0.95,75
4307,chemistry,A,C,1.0,0.8765955872553718,0.9,294
4308,chemistry,J,B,1.0,0.737843998369944,1.0,187
4309,chemistry,I,I,0.95,0.823485310569896,0.95,130
4310,chemistry,E,H,0.95,0.8490274414045463,0.95,66
4311,chemistry,G,B,0.8,0.7478459894713787,0.8,173
4312,chemistry,J,J,0.95,0.905215133694437,0.95,130
4313,chemistry,D,C,0.9,0.8785797615324263,0.9,332
4314,chemistry,D,B,0.9,0.8057366755657877,0.0,72
4315,chemistry,B,,0.2,0.8599567977458039,0.0,437
4316,chemistry,E,E,0.95,0.8668695190113666,0.95,461
4317,chemistry,A,J,0.9,0.7971485864015485,0.9,453
4318,chemistry,H,J,0.75,0.7161559708920464,0.75,280
4319,chemistry,D,D,0.8,0.8410826985980284,1.0,61
4320,chemistry,D,D,1.0,0.8432544324262011,1.0,44
4321,chemistry,J,G,0.9,0.7940419343037866,0.0,313
4322,chemistry,E,E,0.9,0.7586473691945039,0.9,111
4323,chemistry,A,F,0.85,0.7141846032972636,0.7,641
4324,chemistry,I,D,0.9,0.8266707924168898,0.4,264
4325,chemistry,H,D,0.95,0.8844072244992002,0.9,130
4326,chemistry,G,I,1.0,0.8473111954330768,1.0,71
4327,chemistry,G,B,0.85,0.9294851859662071,0.85,159
4328,chemistry,F,J,0.95,0.8439068178749816,0.0,374
4329,chemistry,H,J,0.95,0.896048830924216,0.9,226
4330,chemistry,A,E,0.9,0.8130612776339589,0.9,65
4331,chemistry,B,A,0.85,0.876833532618027,0.85,145
4332,chemistry,C,C,0.9,0.8963599581891321,1.0,94
4333,chemistry,D,B,0.9,0.8372562588894695,0.8,99
4334,chemistry,E,G,0.9,0.8882127398192076,0.4,118
4335,chemistry,I,H,0.95,0.9155821967527998,0.8,159
4336,chemistry,F,A,0.97,0.7919008971367061,0.9,65
4337,chemistry,A,D,0.95,0.7914115020470234,0.95,111
4338,chemistry,E,E,0.95,0.8284323423066171,0.7,175
4339,chemistry,J,H,1.0,0.865391287858326,0.2,136
4340,chemistry,D,,0.63,0.8302618528683646,0.8,358
4341,chemistry,D,D,1.0,0.894628293218321,1.0,132
4342,chemistry,C,C,1.0,0.9288775735366496,1.0,106
4343,chemistry,B,B,0.99,0.8795253281012051,0.95,242
4344,chemistry,G,G,0.92,0.9149679078602406,0.9,132
4345,chemistry,F,B,0.6,0.8408104834682981,0.6,445
4346,chemistry,B,I,1.0,0.890064052406748,0.0,187
4347,chemistry,E,E,0.95,0.822954569348251,0.95,90
4348,chemistry,A,D,0.8,0.850074462939022,1.0,242
4349,chemistry,A,B,0.9,0.7628055849804594,0.0,946
4350,chemistry,J,D,0.3,0.7978597444546802,0.2,458
4351,chemistry,E,B,0.95,0.8948298549386724,0.0,81
4352,chemistry,A,E,0.95,0.8357941591405704,0.95,343
4353,chemistry,E,B,0.9,0.8189442248562381,1.0,129
4354,chemistry,C,A,1.0,0.915617791604314,0.9,123
4355,chemistry,G,J,0.0,0.8332157849750084,0.0,200
4356,chemistry,F,B,0.8,0.8306702486482412,0.8,262
4357,chemistry,B,A,0.98,0.870383812284621,0.98,241
4358,chemistry,C,B,0.9,0.8206836675325461,0.9,81
4359,chemistry,H,D,0.85,0.8814965660449815,0.85,403
4360,chemistry,B,J,0.98,0.8895273235464045,0.4,351
4361,chemistry,I,E,0.95,0.8620678067810834,0.95,158
4362,chemistry,H,H,0.99,0.8621486899333817,1.0,215
4363,chemistry,A,D,0.9,0.8922097992868444,0.0,255
4364,chemistry,F,G,0.85,0.7690046760684884,0.0,187
4365,chemistry,I,C,0.0,0.7592700881334286,0.0,364
4366,chemistry,F,B,0.9,0.865995530892763,0.9,238
4367,chemistry,H,J,1.0,0.8369794135639214,0.4,358
4368,chemistry,C,C,1.0,0.8472970299116542,1.0,67
4369,chemistry,D,I,0.3,0.8318597709677518,0.7,428
4370,chemistry,F,B,0.9,0.8595291935595366,0.9,255
4371,chemistry,I,I,1.0,0.78503316498395,1.0,103
4372,chemistry,I,I,1.0,0.7193805599982237,0.97,643
4373,chemistry,H,F,1.0,0.8584326377826866,1.0,174
4374,chemistry,C,C,0.9,0.8061304147515334,0.9,114
4375,chemistry,J,D,0.9,0.8044137000212463,0.9,59
4376,chemistry,E,E,1.0,0.8741842259702106,1.0,228
4377,chemistry,H,H,0.95,0.7729482185536279,0.95,364
4378,chemistry,E,E,0.95,0.8732288552671954,0.95,185
4379,chemistry,H,,0.65,0.7157896484939781,0.65,419
4380,chemistry,D,D,0.9,0.806287741185642,0.9,172
4381,chemistry,H,B,0.9,0.8282058483319252,0.7,180
4382,chemistry,C,B,0.8,0.8766275687458129,0.0,82
4383,chemistry,D,D,0.95,0.7567934077680962,0.95,66
4384,chemistry,F,F,0.95,0.8732336002684601,0.95,82
4385,chemistry,E,C,0.75,0.8136761932335101,0.8,216
4386,chemistry,I,J,0.36,0.8256439341287576,0.365,226
4387,chemistry,E,D,0.9,0.9193411119420957,1.0,145
4388,chemistry,J,H,1.0,0.9033148177906474,0.95,47
4389,chemistry,F,B,0.65,0.7807011106286406,0.4,266
4390,chemistry,F,C,0.9,0.7990929700644059,0.9,96
4391,chemistry,G,A,0.95,0.8486191748140447,0.0,289
4392,chemistry,B,C,0.98,0.8893048930900953,0.98,242
4393,chemistry,G,D,0.95,0.7923651922778431,0.6,244
4394,chemistry,G,A,0.0,0.8707623317396448,0.9,529
4395,chemistry,B,D,1.0,0.7488861247654117,0.0,153
4396,chemistry,C,C,0.95,0.8663741008770586,1.0,132
4397,chemistry,I,C,0.9,0.8049202194146422,0.0,108
4398,chemistry,H,B,0.99,0.8019083410596092,0.99,239
4399,chemistry,B,D,0.9,0.8634469663737735,0.5,103
4400,chemistry,E,F,0.9,0.8894280706412555,0.8,419
4401,chemistry,A,A,0.95,0.8653770084010499,0.95,179
4402,chemistry,I,I,0.92,0.8657903876859764,0.9,212
4403,chemistry,A,B,0.9,0.8442828183038101,0.9,151
4404,chemistry,G,G,0.95,0.8415759471707285,0.95,182
4405,chemistry,G,A,0.95,0.8228044897575614,0.95,153
4406,chemistry,G,E,1.0,0.8932688397883494,1.0,96
4407,chemistry,J,E,0.95,0.8462844874959629,0.95,146
4408,chemistry,I,E,0.9,0.746186031355471,0.9,253
4409,chemistry,H,H,0.85,0.8311840097037566,0.85,244
4410,chemistry,I,I,0.85,0.8448004204654156,1.0,262
4411,chemistry,B,B,0.95,0.8587921895807755,0.95,110
4412,chemistry,A,A,0.9,0.94767913470852,1.0,63
4413,chemistry,C,B,1.0,0.8974557873591984,0.0,150
4414,chemistry,A,H,1.0,0.7659198843792465,0.9,65
4415,chemistry,I,B,0.95,0.8498536142546242,0.95,138
4416,chemistry,C,A,0.9,0.8012515172135504,0.9,315
4417,chemistry,B,J,0.95,0.8586430712548352,0.9,180
4418,chemistry,C,A,1.0,0.9448597352143003,0.0,79
4419,chemistry,E,E,1.0,0.851867327181588,1.0,118
4420,chemistry,H,G,0.9,0.8724272570105147,0.9,321
4421,chemistry,A,A,0.95,0.8863828278728141,0.95,127
4422,chemistry,H,E,0.85,0.7974044421274651,0.85,498
4423,chemistry,H,E,0.5,0.6407471248499396,0.5,96
4424,chemistry,C,D,0.92,0.8679781970874908,0.0,403
4425,chemistry,H,H,0.9,0.8025481133636948,0.9,187
4426,chemistry,J,E,0.5,0.7009586566100497,0.5,158
4427,chemistry,H,A,0.9,0.7586206621140291,0.45,238
4428,chemistry,H,G,1.0,0.9555667613512973,1.0,508
4429,chemistry,B,D,0.85,0.8372955889635658,0.85,331
4430,chemistry,D,C,0.9,0.7034826919256366,0.7,159
4431,chemistry,E,B,0.95,0.8133951761694586,0.0,61
4432,chemistry,G,A,0.95,0.8487307037870401,0.0,214
4433,chemistry,J,E,0.95,0.8810986503660176,0.95,108
4434,chemistry,B,B,0.95,0.9085461105802126,1.0,187
4435,chemistry,I,H,0.9,0.8415173248654425,0.8,125
4436,chemistry,C,G,0.99,0.8488861253870286,1.0,136
4437,chemistry,C,A,1.0,0.867233418189349,1.0,265
4438,chemistry,A,C,0.95,0.8366681906833224,0.0,121
4439,chemistry,I,E,1.0,0.8770940556610858,0.0,162
4440,chemistry,A,B,0.9,0.7829250454036208,0.4,119
4441,chemistry,F,F,0.95,0.8305008892661646,0.95,186
4442,chemistry,E,E,0.98,0.8275230989791559,1.0,103
4443,chemistry,H,I,0.4,0.8487369167043224,0.4,661
4444,chemistry,D,,0.85,0.8710428198760195,0.95,165
4445,chemistry,F,H,0.95,0.8642074985113292,0.7,186
4446,chemistry,I,H,0.9,0.8510620591832999,0.9,100
4447,chemistry,A,A,0.99,0.884674533249089,1.0,136
4448,chemistry,B,B,1.0,0.9273834874756278,1.0,135
4449,chemistry,H,F,1.0,0.8450660958237791,0.0,129
4450,chemistry,D,C,0.95,0.8564213540336889,0.8,162
4451,chemistry,D,B,0.95,0.8990940488864902,0.0,199
4452,chemistry,A,C,0.95,0.882630508282505,0.95,173
4453,chemistry,C,C,0.95,0.8489786993276193,0.95,126
4454,chemistry,J,B,0.98,0.8292381441409765,0.5,146
4455,chemistry,B,B,0.9,0.8288846166999331,0.9,97
4456,chemistry,A,I,1.0,0.8746236806719707,0.0,144
4457,chemistry,A,J,0.5,0.8063490803301353,0.0,165
4458,chemistry,A,A,0.95,0.8600290032754611,0.95,114
4459,chemistry,C,,1.0,0.7854569427047832,0.0,184
4460,chemistry,C,C,0.85,0.8682655471282577,0.95,164
4461,chemistry,G,D,0.8,0.7540815078353421,0.9,224
4462,chemistry,I,I,1.0,0.9412888766877012,1.0,288
4463,chemistry,I,G,0.95,0.8095437482219859,0.95,189
4464,chemistry,B,C,0.95,0.8309361293553963,0.95,242
4465,chemistry,D,J,0.6,0.8754076968790652,0.4,244
4466,chemistry,F,F,0.95,0.8272656427979125,0.95,57
4467,chemistry,D,B,0.99,0.8539451620104039,0.0,133
4468,chemistry,E,E,0.98,0.916097446401518,0.98,241
4469,chemistry,I,G,0.95,0.7827085797035644,0.95,82
4470,chemistry,D,D,0.95,0.9155480914201324,0.95,89
4471,chemistry,A,A,0.95,0.8405710506280764,0.95,83
4472,chemistry,J,D,1.0,0.8486384738319745,1.0,78
4473,chemistry,B,B,1.0,0.865010516419861,0.95,86
4474,chemistry,A,A,0.9,0.7640398602523408,0.9,163
4475,chemistry,G,I,0.95,0.6706593126151934,0.95,101
4476,chemistry,A,F,0.99,0.8765279226543857,0.99,108
4477,chemistry,B,I,0.9,0.7315816914402803,0.6,155
4478,chemistry,G,G,0.95,0.8241174543821139,0.95,111
4479,chemistry,G,B,0.9,0.8959692994104084,0.4,142
4480,chemistry,G,E,0.95,0.8642006469501883,0.9,109
4481,chemistry,B,B,0.8,0.8047467014719534,0.8,184
4482,chemistry,I,E,1.0,0.8818825061571764,0.0,73
4483,chemistry,I,B,0.9,0.8220462126277718,1.0,124
4484,chemistry,G,A,0.8,0.896264118279719,1.0,56
4485,chemistry,E,B,0.9,0.8632010128468554,0.9,92
4486,chemistry,B,C,0.9,0.865867804616742,0.9,425
4487,chemistry,G,C,0.95,0.8615570968139336,0.95,142
4488,chemistry,I,D,0.94,0.8946711722295531,0.4,828
4489,chemistry,C,J,0.9,0.7956234726412946,0.9,147
4490,chemistry,D,C,0.2,0.8258689212765216,0.4,410
4491,chemistry,G,G,0.95,0.9216323367242627,0.95,167
4492,chemistry,H,D,0.95,0.8625424535072532,0.95,145
4493,chemistry,B,B,0.0,0.8796587887739976,0.8,339
4494,chemistry,F,C,0.8,0.8748372685113329,0.0,60
4495,chemistry,E,B,0.95,0.8705786230876644,0.2,86
4496,chemistry,C,C,0.98,0.8911168693063889,0.98,288
4497,chemistry,D,D,0.95,0.8772714678684695,0.95,190
4498,chemistry,G,G,0.92,0.890941366781338,0.92,230
4499,chemistry,H,H,0.99,0.8661076709717479,0.99,103
4500,chemistry,G,,0.95,0.8823675452676697,0.0,419
4501,chemistry,C,J,0.1,0.8242264738993862,0.0,374
4502,chemistry,J,E,0.95,0.9070678649892715,0.95,155
4503,chemistry,J,,1.0,0.816553617977632,0.0,247
4504,chemistry,J,J,0.99,0.9059135532651422,0.99,163
4505,chemistry,F,F,0.95,0.9138227988744894,0.95,169
4506,chemistry,I,B,1.0,0.8890543998991709,0.4,148
4507,chemistry,D,E,0.98,0.9061589439821737,0.8,381
4508,chemistry,D,A,0.95,0.8656715600591149,0.4,293
4509,chemistry,C,B,1.0,0.9117010336854303,1.0,80
4510,chemistry,I,E,0.95,0.850567041806343,0.95,156
4511,chemistry,F,F,0.95,0.9246073534364881,1.0,158
4512,chemistry,E,F,1.0,0.7810311624305731,1.0,234
4513,chemistry,C,A,1.0,0.8977420197755974,0.25,264
4514,chemistry,E,I,0.95,0.9045288748947639,0.9,245
4515,chemistry,J,C,1.0,0.8120175199592998,0.95,200
4516,chemistry,J,C,0.95,0.8566947620859815,0.95,105
4517,chemistry,H,A,0.95,0.8600247728971618,0.95,219
4518,chemistry,C,I,0.9,0.8395219499721125,0.9,82
4519,chemistry,E,B,0.98,0.8741381492764592,0.98,200
4520,chemistry,E,,0.0,0.8583122032529596,0.0,399
4521,chemistry,B,G,0.95,0.8449367191507429,0.95,384
4522,chemistry,C,C,0.98,0.8928917179448923,0.95,402
4523,chemistry,B,B,0.7,0.7237838676262732,0.7,204
4524,chemistry,F,D,0.96,0.8837381248335546,0.9,329
4525,chemistry,H,D,0.9,0.9046059684126052,0.0,169
4526,chemistry,H,H,0.98,0.8830957794617261,1.0,144
4527,chemistry,A,J,0.92,0.8470466157724728,0.9,224
4528,chemistry,C,B,0.92,0.8731697282789781,0.9,144
4529,chemistry,C,C,1.0,0.8679207427426052,1.0,133
4530,chemistry,I,D,0.95,0.7875687823377224,0.0,158
4531,chemistry,C,E,0.9,0.8415643835874572,0.4,95
4532,chemistry,H,H,0.95,0.9204535531353772,0.95,248
4533,chemistry,I,H,0.9,0.7841619697677121,0.7,210
4534,chemistry,D,D,0.95,0.8764051001423588,0.95,187
4535,chemistry,A,A,1.0,0.9298155277830182,1.0,146
4536,chemistry,J,A,0.95,0.8387176035338598,0.95,122
4537,history,D,C,0.7,0.6253413917592027,0.7,164
4538,history,D,D,0.9,0.7427691875465244,0.9,56
4539,history,C,C,0.85,0.7690806281752147,0.85,189
4540,history,E,I,0.9,0.6986853581823566,0.9,132
4541,history,G,C,0.95,0.6995327245767251,0.95,149
4542,history,G,B,0.9,0.6937446853091787,0.9,105
4543,history,A,A,0.95,0.7966138545331842,0.95,140
4544,history,B,B,0.85,0.6977749715694185,0.85,130
4545,history,H,A,0.9,0.8247845776105363,0.4,93
4546,history,J,E,0.9,0.8342577415495981,0.7,186
4547,history,H,G,0.95,0.8348198777837282,0.95,54
4548,history,A,A,0.95,0.8475245207913814,0.95,70
4549,history,I,J,0.8,0.7259493612921281,0.0,205
4550,history,B,D,0.9,0.8278880603480129,0.9,67
4551,history,D,G,0.9,0.6847484727490298,0.4,99
4552,history,F,D,0.8,0.7803823170159646,0.8,89
4553,history,A,B,0.9,0.7275167775406264,0.7,189
4554,history,J,H,0.95,0.801388541451407,0.95,124
4555,history,A,D,1.0,0.8058070039246276,0.9,72
4556,history,C,C,0.9,0.79222360408845,0.9,65
4557,history,H,G,0.95,0.7864451594235237,0.95,72
4558,history,I,D,0.95,0.7077475994425859,0.8,183
4559,history,I,H,0.95,0.772318940768394,0.95,81
4560,history,B,G,0.9,0.7639527289620957,0.1,89
4561,history,D,B,0.95,0.8153406059802184,0.95,121
4562,history,I,J,0.95,0.7139322252981554,0.95,91
4563,history,J,D,0.75,0.6959931607992438,0.75,118
4564,history,I,A,0.9,0.7783398203827672,0.9,90
4565,history,D,D,0.9,0.8182834138182193,0.9,78
4566,history,H,C,0.9,0.7773303540063725,0.9,80
4567,history,G,G,0.9,0.7975455541088989,0.9,115
4568,history,B,B,0.9,0.7815420073624426,0.9,70
4569,history,D,B,0.8,0.6992559117827103,0.8,132
4570,history,B,B,0.92,0.7519249492565292,0.9,124
4571,history,A,A,0.92,0.732222526711949,0.6033333333333334,443
4572,history,H,H,0.75,0.7205277371361096,0.75,287
4573,history,H,H,0.9,0.7336712292704981,0.0,118
4574,history,D,C,0.95,0.8162690802738627,0.6,71
4575,history,E,F,0.8,0.7175704334241796,0.7,110
4576,history,F,A,0.9,0.7465857283220892,0.2,70
4577,history,A,C,0.95,0.6365897361831465,0.95,144
4578,history,B,B,0.9,0.7631106783127194,0.9,73
4579,history,H,C,0.88,0.8007374691471001,0.88,450
4580,history,A,A,0.9,0.8078916225413872,0.9,97
4581,history,H,H,0.9,0.7777216459113754,0.7,88
4582,history,H,J,0.95,0.8710177220355706,0.95,94
4583,history,F,F,0.9,0.7212624982251726,0.9,191
4584,history,B,H,0.95,0.7865248623222086,0.95,64
4585,history,A,A,0.95,0.756098247612222,0.95,135
4586,history,D,G,0.7,0.7488141087320885,0.0,102
4587,history,J,C,0.95,0.7854538117077339,0.95,63
4588,history,B,G,0.75,0.6642414190284213,0.75,93
4589,history,G,G,0.85,0.7033764103659591,0.85,150
4590,history,E,H,0.9,0.7878022138173761,0.6,80
4591,history,G,G,0.9,0.7556403842339215,0.9,84
4592,history,B,B,0.95,0.8434762233383392,0.95,88
4593,history,H,H,0.95,0.8357408246156279,0.95,64
4594,history,C,C,0.9,0.7463477826659128,0.9,148
4595,history,G,G,0.9,0.755104086058397,0.9,156
4596,history,G,B,0.85,0.6431136668624712,0.6,183
4597,history,G,E,0.7,0.8619832054243304,0.7,69
4598,history,E,E,0.95,0.883325543903324,0.95,67
4599,history,G,D,0.95,0.731863631669574,0.0,115
4600,history,A,C,1.0,0.8046449594298309,0.0,196
4601,history,H,C,0.8,0.8533427119289989,0.2,80
4602,history,B,A,0.95,0.6100065647285123,0.6625,857
4603,history,D,C,0.9,0.7783784091088002,0.0,88
4604,history,D,J,0.85,0.7557919556160694,0.85,63
4605,history,E,B,0.92,0.733217079001562,0.8,114
4606,history,C,B,0.95,0.7428174143495087,0.6,128
4607,history,F,J,0.9,0.7595020750295102,0.4,71
4608,history,C,A,0.8,0.7270080652243858,0.0,112
4609,history,E,E,0.9,0.7508455036557071,0.9,66
4610,history,B,D,0.9,0.6820425167110045,0.9,249
4611,history,I,J,0.85,0.6827186857987686,0.0,232
4612,history,B,H,0.85,0.8322936624648349,0.8,62
4613,history,E,B,0.9,0.7518999387340031,0.7,98
4614,history,C,D,0.8,0.7359368457368883,0.8,143
4615,history,G,F,0.85,0.6692067773820017,0.85,163
4616,history,F,,0.95,0.8784773404015136,0.0,42
4617,history,H,H,0.9,0.7141364127548041,0.9,111
4618,history,A,B,0.9,0.7816572392883075,0.7,44
4619,history,G,B,0.95,0.7853548674231889,0.95,92
4620,history,A,C,0.85,0.7143958539842575,0.85,151
4621,history,C,C,0.85,0.7766677770971969,0.85,69
4622,history,B,B,0.95,0.7549479988924629,0.95,80
4623,history,E,E,0.95,0.6984011785766678,0.95,156
4624,history,C,B,0.95,0.8360229694747656,0.0,109
4625,history,I,H,0.95,0.8121125776464061,0.0,50
4626,history,F,F,0.95,0.7673563245944033,0.95,125
4627,history,B,A,0.85,0.8357696214427109,0.85,75
4628,history,C,C,0.95,0.8382493809186377,0.95,64
4629,history,J,F,0.95,0.7484055048455353,0.0,134
4630,history,J,B,0.95,0.7532207160869032,0.85,100
4631,history,J,J,0.95,0.824647743233816,0.95,161
4632,history,A,A,0.9,0.7261491227915271,0.9,80
4633,history,B,B,0.8,0.7645360636290979,0.8,81
4634,history,I,B,0.9,0.7577414616192889,0.9,74
4635,history,A,F,0.9,0.8031886269369621,0.9,81
4636,history,G,D,0.8,0.7706978331822156,0.6,47
4637,history,D,D,0.9,0.7395369768025841,0.9,88
4638,history,C,D,0.9,0.74156036741434,0.4,65
4639,history,E,E,0.9,0.7187225922948768,0.9,95
4640,history,H,I,0.85,0.7949509892443491,0.2,72
4641,history,D,D,0.85,0.7807768572218792,0.85,101
4642,history,F,E,0.85,0.6737714308413346,0.85,84
4643,history,C,I,0.85,0.6934859350882809,0.85,205
4644,history,G,G,0.9,0.7169139386391689,0.9,55
4645,history,J,J,0.95,0.8855077122914996,0.95,37
4646,history,I,I,0.9,0.7911164559673798,0.9,86
4647,history,E,E,0.95,0.8283575144458271,0.95,63
4648,history,C,C,0.95,0.7879121648267507,0.8,75
4649,history,D,C,0.9,0.7597503146114157,0.9,58
4650,history,I,I,0.85,0.7098804314355226,0.85,121
4651,history,H,G,0.9,0.7609497783515512,0.9,94
4652,history,C,C,0.8,0.7297498490924328,0.0,100
4653,history,B,B,0.95,0.7612735911769316,0.95,108
4654,history,H,B,0.9,0.7547089312583639,0.7,94
4655,history,I,C,0.95,0.792192689940891,0.95,86
4656,history,J,J,0.8,0.7118275138657468,0.8,170
4657,history,G,E,0.95,0.7229547231562221,0.95,82
4658,history,C,C,0.9,0.7738047296639858,0.9,71
4659,history,D,A,0.85,0.7659358467536556,0.85,56
4660,history,I,F,0.9,0.7694606387124446,0.0,101
4661,history,C,D,0.9,0.7370982943712446,0.7,103
4662,history,I,I,0.9,0.7399533349159493,0.9,68
4663,history,H,G,0.9,0.7628934396962536,0.9,83
4664,history,I,F,0.95,0.8023572217833087,0.6333333333333333,82
4665,history,C,C,0.95,0.7777454535308793,0.95,79
4666,history,G,G,0.8,0.794492536855841,0.9,87
4667,history,G,F,0.9,0.6529920962713567,0.4,532
4668,history,B,B,0.9,0.760664619761458,0.7,88
4669,history,E,A,0.85,0.7460989991773823,0.85,63
4670,history,C,B,0.9,0.7241975545532009,0.7,135
4671,history,C,C,0.8,0.7538043586064237,0.8,123
4672,history,I,I,0.85,0.6152995591213459,0.85,118
4673,history,B,A,0.95,0.8042158566610852,0.95,50
4674,history,B,B,0.8,0.6692162434964282,0.4,240
4675,history,A,C,0.9,0.6903746225531291,0.9,135
4676,history,C,D,0.85,0.7399705268570564,0.8,72
4677,history,B,,0.98,0.7527469989603165,0.0,49
4678,history,H,E,0.9,0.7354434762215316,0.9,76
4679,history,E,D,0.95,0.738518347777414,0.95,95
4680,history,C,C,0.95,0.7965675319767419,0.95,77
4681,history,I,H,0.95,0.7175212122546283,0.95,110
4682,history,I,C,0.9,0.7307888873422516,0.4,96
4683,history,B,F,0.9,0.7026207743149975,0.9,126
4684,history,A,A,0.95,0.8071234467956078,0.95,96
4685,history,A,A,0.9,0.7501433725380721,0.9,133
4686,history,I,J,0.8,0.7137712114169906,0.7,122
4687,history,E,G,0.95,0.6962304000869094,0.95,119
4688,history,I,G,0.95,0.7576926224825632,0.95,100
4689,history,F,H,0.85,0.7618826610094898,0.0,74
4690,history,C,C,0.95,0.6836200560305788,0.95,158
4691,history,A,I,0.92,0.6738956713861672,0.92,174
4692,history,F,H,0.85,0.667275118551246,0.6,109
4693,history,D,H,0.95,0.7627408807906326,0.95,64
4694,history,C,I,0.8,0.6773186662738334,0.6,704
4695,history,B,C,0.8,0.8817837597630014,0.8,97
4696,history,A,C,0.85,0.6821731748901788,0.7,115
4697,history,F,J,0.9,0.7512163296859391,0.4,106
4698,history,F,F,0.9,0.7288605559306884,0.9,252
4699,history,E,D,0.5,0.6185266587734636,,1266
4700,history,B,A,0.9,0.7418169465456055,0.1,108
4701,history,G,,0.5,0.7455946586261045,0.5,250
4702,history,D,D,0.95,0.6738575099451771,0.95,150
4703,history,A,C,0.9,0.7211637380751316,0.9,115
4704,history,J,J,0.95,0.8132619239740446,0.95,66
4705,history,J,,0.95,0.7507867598241168,0.95,86
4706,history,D,I,0.95,0.7726368796182148,0.0,102
4707,history,B,B,0.7,0.7156802818120265,0.85,168
4708,history,C,H,0.9,0.6528180322447033,0.9,104
4709,history,C,C,0.8,0.7111846523291694,0.6,133
4710,history,A,H,0.85,0.6761446202519128,0.85,167
4711,history,E,I,0.95,0.7901189842084697,0.95,99
4712,history,F,H,0.85,0.8126512088383119,0.85,71
4713,history,I,I,0.85,0.8026628038118528,0.85,66
4714,history,I,C,0.8,0.6409357249669202,0.8,172
4715,history,H,B,0.95,0.7734401815296941,0.95,82
4716,history,D,F,0.97,0.751293822115212,0.6666666666666666,67
4717,history,A,A,0.95,0.7820821992507442,0.95,92
4718,history,A,D,0.75,0.7886964867553942,0.8,66
4719,history,E,F,0.9,0.6482785821140391,0.9,103
4720,history,E,C,0.75,0.7627590480142095,0.0,102
4721,history,C,B,0.95,0.7749287625797706,0.95,98
4722,history,F,F,0.95,0.7799183338475727,0.95,93
4723,history,J,B,0.8,0.7948730448582513,0.5,118
4724,history,B,B,0.9,0.8216667684945664,1.0,59
4725,history,F,E,0.6,0.7623045928394006,0.6,122
4726,history,A,A,0.85,0.6705715922632064,0.85,149
4727,history,E,B,0.95,0.7749023594800598,0.95,127
4728,history,E,G,0.95,0.7178816803247873,0.0,91
4729,history,I,B,0.9,0.7047109755293155,0.0,75
4730,history,J,J,0.95,0.8287770822369014,0.95,68
4731,history,A,I,0.95,0.729065704086814,0.95,127
4732,history,E,E,0.9,0.7648762141008789,0.9,57
4733,history,D,D,0.7,0.6606933176436528,0.7,314
4734,history,I,I,0.95,0.747359139686129,0.95,159
4735,history,C,C,0.95,0.692259733717519,0.95,137
4736,history,J,J,0.95,0.7951139190680858,0.9,70
4737,history,B,B,0.95,0.8177804651652268,0.95,75
4738,history,C,C,0.95,0.8596148622348941,0.95,43
4739,history,C,C,0.95,0.7422908329414984,0.95,127
4740,history,A,I,0.9,0.783990984977093,0.9,82
4741,history,G,F,0.9,0.69447789122988,0.9,199
4742,history,F,F,0.7,0.7865388933149897,0.7,68
4743,history,D,F,0.9,0.7197286587118813,0.1,84
4744,history,B,A,0.8,0.7604895075390381,0.8,92
4745,history,J,C,0.9,0.7050535500859294,0.9,100
4746,history,J,J,0.9,0.7605893585267185,0.9,69
4747,history,B,G,0.9,0.7220050334464094,0.9,79
4748,history,B,D,0.85,0.7808407011992788,0.6,71
4749,history,H,H,0.95,0.8262356230864731,0.95,53
4750,history,A,J,0.9,0.8234503830233081,0.9,97
4751,history,E,G,0.9,0.819844456816827,0.9,63
4752,history,F,I,0.95,0.7428181950672611,0.7,88
4753,history,H,H,0.7,0.7005475161964938,0.7,514
4754,history,E,,0.4,0.7045047077780806,0.4,176
4755,history,C,B,0.9,0.7905944044337521,0.0,78
4756,history,A,A,0.85,0.7067295861681585,0.85,70
4757,history,C,D,0.85,0.6502334843029618,0.0,216
4758,history,A,A,0.95,0.7019652970613928,0.95,181
4759,history,F,H,0.9,0.6186070922418614,,1586
4760,history,A,D,0.9,0.7747803677699729,0.0,103
4761,history,D,D,0.9,0.798466141792686,0.9,79
4762,history,C,C,0.9,0.7380645686951832,0.9,87
4763,history,D,H,0.95,0.7414944451050551,0.95,132
4764,history,D,B,0.9,0.7326848669827898,0.9,126
4765,history,G,E,0.8,0.8112435003245547,0.6,158
4766,history,H,H,0.95,0.7668420715419162,0.95,86
4767,history,E,F,0.95,0.7454919318111175,0.95,126
4768,history,D,D,0.9,0.797786184931027,0.9,96
4769,history,J,J,0.9,0.7396664380626254,0.9,95
4770,history,A,A,0.95,0.7621074104489407,0.95,86
4771,history,I,J,0.9,0.6704462178994937,0.4,149
4772,history,B,J,0.95,0.6658014908121871,0.95,191
4773,history,H,H,0.9,0.743422338130831,0.9,145
4774,history,A,A,0.95,0.8242959039993061,0.95,59
4775,history,F,F,0.95,0.7651420410226982,0.95,97
4776,history,E,E,0.95,0.7283234741761727,0.95,184
4777,history,E,I,0.95,0.6939665936576059,0.95,295
4778,history,A,J,0.9,0.7172434691650534,0.9,129
4779,history,I,J,0.9,0.7487205386491232,0.9,103
4780,history,J,J,0.9,0.7283239313108445,0.9,89
4781,history,B,G,0.95,0.8063536314431984,0.95,81
4782,history,D,A,0.8,0.7367185020951328,0.7,84
4783,history,B,F,0.95,0.7814074346620289,0.95,92
4784,history,B,B,0.9,0.7240877644650601,0.0,90
4785,history,I,I,0.85,0.7228691626357164,0.85,103
4786,history,J,B,0.95,0.7744092912224241,0.6,119
4787,history,D,D,0.85,0.6923900571923446,0.85,446
4788,history,A,A,0.95,0.804321961208255,0.95,96
4789,history,B,B,0.85,0.6649728365437387,0.85,62
4790,history,F,B,0.9,0.7494085101014347,0.7,54
4791,history,C,C,0.95,0.7376746996547949,0.95,105
4792,history,E,D,0.85,0.7163346302212076,0.7,62
4793,history,B,I,0.9,0.673433153252334,0.9,102
4794,history,H,A,0.9,0.8087265328640696,0.8,45
4795,history,C,C,0.8,0.6325160045730157,0.8,165
4796,history,G,D,0.95,0.6756508135865594,0.95,181
4797,history,C,C,0.8,0.8057310877258635,0.8,86
4798,history,I,H,0.9,0.7810408846503557,0.0,57
4799,history,H,H,0.65,0.6757969989053741,0.65,149
4800,history,A,I,0.9,0.7083027416614484,0.0,93
4801,history,B,E,0.95,0.8091269184904482,0.95,154
4802,history,F,C,0.85,0.6939895980246761,0.5,90
4803,history,F,G,0.8,0.6553713177645074,0.3,121
4804,history,F,G,0.95,0.7821881529140952,0.95,82
4805,history,G,G,0.95,0.7408153869553987,0.95,109
4806,history,J,F,0.9,0.7229620017379502,0.6,225
4807,history,A,I,0.8,0.7664307181124689,0.6,83
4808,history,J,J,0.8,0.8142539281195292,0.8,90
4809,history,G,A,0.95,0.7380084707342757,0.0,88
4810,history,F,E,0.9,0.6979043787620465,0.9,103
4811,history,C,F,0.8,0.8150788522708687,0.8,83
4812,history,F,I,0.85,0.7198938755359177,0.4,82
4813,history,A,G,0.85,0.7388383462150333,0.85,99
4814,history,H,C,0.95,0.7887017623509626,0.95,72
4815,history,J,J,0.9,0.7167438664296397,0.9,94
4816,history,A,A,0.95,0.7460452033005486,0.95,120
4817,history,C,A,0.9,0.7017224773640378,0.6,185
4818,history,A,I,0.9,0.8012378654865719,0.7,115
4819,history,B,B,0.85,0.7106585446220314,0.5,153
4820,history,A,A,0.95,0.7298507412828009,0.95,179
4821,history,C,B,0.95,0.7275498833883757,0.5,207
4822,history,D,G,0.75,0.8211084156809991,0.7,67
4823,history,F,F,0.9,0.757109351773502,0.9,117
4824,history,G,D,0.8,0.8411307477505142,0.8,131
4825,history,H,E,0.95,0.7791300863818749,0.95,143
4826,history,F,C,0.95,0.7388088958839255,0.95,90
4827,history,I,D,0.8,0.7051766666848946,0.7,143
4828,history,J,D,0.95,0.7371681007923269,0.95,189
4829,history,G,A,0.8,0.6322667727446967,0.7,162
4830,history,A,A,0.95,0.7646533600119179,0.95,138
4831,history,B,C,1.0,0.7369560834329782,0.8,122
4832,history,E,D,0.9,0.6908199432285015,0.9,97
4833,history,D,E,0.9,0.6072439330731814,0.9,100
4834,history,D,A,0.9,0.714204070635548,0.9,91
4835,history,I,B,0.6,0.669912411112899,0.6,127
4836,history,C,D,0.9,0.8235552197465579,0.6,102
4837,history,G,G,0.85,0.787591158560635,0.7,75
4838,history,H,H,0.95,0.8370834273386435,0.95,71
4839,history,B,B,0.9,0.7299805871866153,0.7,83
4840,history,D,D,0.9,0.7555173498171676,0.9,72
4841,history,C,A,0.95,0.785234185473125,0.95,78
4842,history,B,H,0.9,0.742057313857314,0.8,109
4843,history,D,J,0.9,0.7508940291088887,0.7,105
4844,history,D,D,0.75,0.6856352403053009,0.6,266
4845,history,D,F,0.95,0.7841173338560731,0.4,66
4846,history,B,B,0.9,0.734905043434471,0.4,94
4847,history,J,J,0.95,0.6761453727271594,0.95,89
4848,history,B,A,0.9,0.7477249531350117,0.4,72
4849,history,F,F,0.85,0.7541326707007193,0.85,84
4850,history,B,H,0.85,0.769635353288295,0.85,64
4851,history,A,F,0.95,0.7771579166842219,0.7,65
4852,history,G,A,0.9,0.7206624992979812,0.9,84
4853,history,A,F,0.95,0.8606772951808864,0.95,110
4854,history,F,F,0.9,0.8255002216869388,0.9,73
4855,history,F,D,0.95,0.8522621128769657,0.95,75
4856,history,D,B,0.9,0.7892156747234945,0.5,73
4857,history,B,B,0.9,0.8441423303571853,0.9,53
4858,history,B,A,0.95,0.7689388120889339,0.95,143
4859,history,B,C,0.85,0.6685242050839503,0.85,154
4860,history,E,E,0.9,0.7985391851982366,0.9,60
4861,history,I,H,0.9,0.6901750503279894,0.4,241
4862,history,C,C,0.98,0.746962333277272,0.98,475
4863,history,C,E,0.9,0.7567948491295238,0.4,191
4864,history,C,E,0.5,0.7210113796085383,0.5,223
4865,history,E,E,0.9,0.7706480727532875,0.9,169
4866,history,G,E,0.95,0.7286626442580756,0.7,81
4867,history,D,B,0.9,0.7648877099115164,0.9,78
4868,history,J,G,0.9,0.7105093465798775,0.9,182
4869,history,E,C,0.9,0.7504601106051356,0.7,93
4870,history,A,A,0.95,0.766457125540382,0.95,191
4871,history,I,H,0.95,0.8506060419623986,0.0,68
4872,history,J,J,0.85,0.7998714120130146,0.85,71
4873,history,J,C,0.9,0.709524113904222,0.7,81
4874,history,D,D,0.9,0.8448652189727417,0.5,81
4875,history,H,B,0.5,0.7161891191101567,0.7,232
4876,history,E,E,0.9,0.7642391805319703,0.9,44
4877,history,F,G,,0.82969996663166,,70
4878,history,F,G,0.95,0.7895144089332877,0.95,55
4879,history,D,A,0.85,0.7895016031064459,0.6166666666666667,62
4880,history,H,H,0.95,0.6690715601771215,0.95,119
4881,history,F,A,0.9,0.7331360132298221,0.9,94
4882,history,B,H,0.95,0.7450257119598647,0.95,152
4883,history,A,A,0.9,0.742139193508482,0.9,78
4884,history,D,A,0.98,0.6956799484431873,0.9,108
4885,history,A,D,0.9,0.7619910422262214,0.7,54
4886,history,I,E,0.95,0.7174391361700541,0.95,243
4887,history,E,H,0.85,0.6026987193177499,0.6,216
4888,history,B,A,0.9,0.7180142513186153,0.9,130
4889,history,C,B,0.95,0.7439958879925581,0.7,86
4890,history,A,G,0.75,0.7610801360674166,0.7,59
4891,history,J,C,0.8,0.7512114685258208,0.8,75
4892,history,G,A,0.95,0.795274847726233,0.95,109
4893,history,B,C,0.9,0.8199311268401277,0.9,90
4894,history,E,E,0.9,0.842855018753827,0.9,60
4895,history,C,C,0.95,0.7890441757351585,0.7,86
4896,history,A,A,0.9,0.746233881637273,0.8,169
4897,history,I,F,0.9,0.7227153501329683,0.9,83
4898,history,A,A,0.95,0.8344365284119926,0.95,82
4899,history,A,D,0.95,0.7888493346483019,0.95,91
4900,history,H,E,0.95,0.7879188475153918,0.95,130
4901,history,B,,0.95,0.6495596611673516,0.95,109
4902,history,J,H,0.9,0.7563805117455976,0.9,85
4903,history,B,D,0.9,0.6596867348563407,0.7,98
4904,history,F,B,0.8,0.6436862591668281,0.2,172
4905,history,E,D,0.95,0.6820922819170347,0.95,165
4906,history,I,I,0.9,0.8246152454898412,0.9,101
4907,history,I,A,0.9,0.7102530285686602,0.5,65
4908,history,G,J,0.95,0.7287486650745424,0.95,72
4909,history,G,F,0.85,0.6958007642848241,0.85,82
4910,history,H,H,0.8,0.7331720666568194,0.9,92
4911,history,H,C,0.85,0.6987712533344497,0.85,99
4912,history,B,I,0.85,0.6578646674609692,0.85,144
4913,history,C,B,0.85,0.7339324571234463,0.5,61
4914,history,A,A,0.8,0.8105805388101818,0.8,63
4915,history,A,C,0.95,0.6447319703912396,0.95,130
4916,history,D,B,0.8,0.6942034204055889,0.8,197
4917,history,H,D,0.8,0.6366039515816897,0.7,125
4918,other,C,C,0.8,0.8231656677039497,0.8,93
4919,other,C,C,0.98,0.7519825206661216,0.98,254
4920,other,B,A,0.95,0.7073035533213763,0.7,78
4921,other,G,G,0.95,0.7106145411623294,0.95,104
4922,other,F,F,0.9,0.7907189730902939,0.9,58
4923,other,E,D,0.95,0.6921869197830482,0.95,101
4924,other,F,F,0.95,0.8344258067451539,0.95,66
4925,other,G,C,0.9,0.7112961173993729,0.7,190
4926,other,F,E,0.75,0.7447397334059872,0.7,66
4927,other,B,D,0.95,0.7726090019451696,0.95,108
4928,other,B,B,0.9,0.8552277232577264,0.9,58
4929,other,D,D,0.85,0.7490517313331013,0.85,97
4930,other,F,F,0.75,0.7459987492525564,0.75,64
4931,other,D,A,0.85,0.8530798608564736,0.85,44
4932,other,C,D,0.9,0.6719640029115446,0.9,171
4933,other,A,D,0.95,0.7547431649633836,0.95,116
4934,other,B,D,0.55,0.6875850394148506,0.0,135
4935,other,A,A,0.85,0.8132233700220316,0.95,60
4936,other,D,D,0.65,0.7148764155166412,0.65,133
4937,other,A,F,0.9,0.8166929920357133,0.9,272
4938,other,I,G,0.9,0.7459908092845141,0.9,75
4939,other,D,F,0.95,0.6980127111544369,0.9,150
4940,other,A,A,0.9,0.7715022407665078,0.9,78
4941,other,H,C,0.8,0.7430888239493233,0.8,91
4942,other,D,I,0.85,0.6799661205728287,0.85,136
4943,other,A,D,0.8,0.8422376481065367,0.8,64
4944,other,C,E,0.85,0.7280701277560447,0.7,85
4945,other,J,D,0.75,0.6348340079138254,0.6,76
4946,other,E,B,0.75,0.723093157988164,0.0,65
4947,other,I,I,0.95,0.8967445972095412,0.95,87
4948,other,C,B,0.7,0.6857396218402062,0.4,133
4949,other,A,G,0.6,0.6753290827283288,0.0,68
4950,other,B,B,0.9,0.7375051772208675,0.9,119
4951,other,C,C,0.9,0.6706180319036715,0.9,243
4952,other,C,C,0.95,0.7281228280474377,0.95,110
4953,other,D,D,0.95,0.8737183783305734,0.95,109
4954,other,B,F,0.9,0.697957372461669,0.8,76
4955,other,C,B,0.95,0.7586508156332471,0.0,63
4956,other,F,J,0.75,0.7704789298294753,0.0,65
4957,other,B,C,0.95,0.8679407266376469,0.4,82
4958,other,H,B,0.9,0.758469275054645,0.9,41
4959,other,A,A,1.0,0.8432935198706117,1.0,57
4960,other,H,J,0.0,0.7329469136067834,0.0,91
4961,other,J,B,0.95,0.7663062751547888,0.95,56
4962,other,I,D,0.9,0.760376838200525,0.0,134
4963,other,I,C,1.0,0.7568619482732255,0.9,278
4964,other,A,A,0.95,0.7651409039568517,0.95,50
4965,other,D,A,0.9,0.6671231922549921,0.9,200
4966,other,C,C,0.9,0.7147146623806399,0.9,100
4967,other,H,H,1.0,0.8993465254709536,1.0,221
4968,other,B,D,1.0,0.7577713996861423,0.725,60
4969,other,B,G,0.8,0.6784159894152559,0.2,105
4970,other,A,B,0.95,0.7177917368619657,0.95,102
4971,other,J,J,1.0,0.8979714732897139,1.0,106
4972,other,A,A,0.95,0.7596280882530383,0.95,62
4973,other,E,C,0.85,0.7646601018405229,0.4,111
4974,other,A,I,0.85,0.7536657932507902,0.9,91
4975,other,C,C,0.9,0.822403808479352,0.9,44
4976,other,J,B,0.9,0.8246053546692933,0.9,77
4977,other,F,F,1.0,0.9171862166136084,1.0,115
4978,other,C,F,0.98,0.7307897923608174,0.9,140
4979,other,H,A,0.6,0.8653022836957612,0.0,159
4980,other,C,D,0.95,0.8582304509843487,1.0,219
4981,other,B,B,0.95,0.7671026735192195,0.95,60
4982,other,G,J,0.95,0.8115092736361047,0.95,56
4983,other,I,D,1.0,0.9321322737326764,1.0,110
4984,other,F,F,0.8,0.7283159399082247,0.8,139
4985,other,C,C,0.95,0.7501564486061072,0.7,62
4986,other,C,B,1.0,0.7998834550480793,0.0,137
4987,other,B,E,0.7,0.6728941360830837,0.7,160
4988,other,A,A,0.95,0.8153799145079501,0.95,63
4989,other,F,F,0.95,0.841186242240021,0.95,85
4990,other,D,E,0.8,0.775011967252179,0.9,125
4991,other,F,E,0.95,0.8279317235287322,0.95,121
4992,other,B,E,0.9,0.8295175670192584,0.9,88
4993,other,C,A,0.85,0.8466850320665166,0.85,71
4994,other,D,I,0.85,0.7599095394985435,0.85,127
4995,other,F,B,0.95,0.7522641131658103,0.7,119
4996,other,E,J,0.7,0.7263124537709712,0.7,139
4997,other,I,J,0.9,0.7466325462509956,0.9,92
4998,other,D,H,0.95,0.6811894098080109,0.7,218
4999,other,H,G,0.95,0.7449946802011289,0.95,178
5000,other,C,C,0.9,0.7703431421375881,0.9,81
5001,other,E,E,0.9,0.7056269503801318,0.9,117
5002,other,A,D,0.8,0.7474811477425392,0.8,121
5003,other,A,E,0.95,0.7408319680757839,0.95,182
5004,other,B,B,0.9,0.7033001265610448,0.9,118
5005,other,C,D,0.8,0.687658543896442,0.8,93
5006,other,C,C,0.95,0.7906838532640723,0.8,65
5007,other,B,C,1.0,0.7424604666651765,1.0,66
5008,other,C,C,1.0,0.6443015155345581,0.9,134
5009,other,C,A,0.95,0.8048036219476322,0.0,144
5010,other,E,B,0.9,0.7842965992959047,0.9,98
5011,other,G,G,0.85,0.7359882073784983,0.85,68
5012,other,C,C,0.9,0.7771033315265243,0.9,123
5013,other,J,E,0.9,0.8129596431559036,0.9,293
5014,other,B,D,0.8,0.7489371130089035,0.4,77
5015,other,D,D,0.9,0.8611490068053314,0.9,75
5016,other,E,H,0.75,0.6291345903498147,0.25,203
5017,other,G,F,0.85,0.6441971956997495,0.6,153
5018,other,J,G,0.9,0.844882282791338,0.9,82
5019,other,B,H,0.85,0.7767883588250463,0.85,71
5020,other,B,C,0.9,0.8074042159858913,0.5,79
5021,other,D,D,0.95,0.7083853367748919,0.7,70
5022,other,I,I,0.95,0.8495138803515775,0.95,64
5023,other,B,J,0.98,0.8226976510636378,0.8,123
5024,other,I,F,0.95,0.879067688749736,0.95,205
5025,other,B,B,0.95,0.779832185145364,0.95,63
5026,other,D,D,0.95,0.8671121667939229,0.95,163
5027,other,A,J,0.95,0.7663822995364845,0.0,74
5028,other,C,B,0.95,0.8675747412146692,0.6,61
5029,other,A,A,0.95,0.8121204797617888,0.95,46
5030,other,A,A,0.9,0.7218431567875606,0.9,56
5031,other,J,B,0.9,0.81581941241114,0.9,57
5032,other,B,E,0.97,0.7210418725328804,0.97,70
5033,other,H,H,1.0,0.791080989333214,0.9,142
5034,other,G,I,0.8,0.7710700552535479,0.0,128
5035,other,F,F,1.0,0.8393032295882439,0.0,73
5036,other,C,C,0.9,0.7759126796036824,1.0,97
5037,other,B,J,1.0,0.8248372011460178,0.9,50
5038,other,H,E,1.0,0.9118934577147988,0.6,122
5039,other,C,D,1.0,0.8381031874551342,0.95,138
5040,other,E,C,0.9,0.8415502098470207,0.0,129
5041,other,H,B,0.9,0.7188798650431468,0.7,67
5042,other,G,E,1.0,0.8826120266144597,0.0,65
5043,other,J,,0.85,0.8877884430778933,0.9,194
5044,other,A,D,0.75,0.7763556979653341,0.4,91
5045,other,F,A,1.0,0.79226556354127,0.9,90
5046,other,G,G,0.95,0.8887082434365998,0.95,156
5047,other,B,C,0.95,0.9251174681921033,0.7,87
5048,other,C,C,0.95,0.7673187562552369,0.95,137
5049,other,I,A,0.95,0.882440047214286,0.0,66
5050,other,A,E,1.0,0.8644567163189611,1.0,117
5051,other,H,H,0.95,0.7438923609950715,0.95,69
5052,other,B,B,0.85,0.8211116083848701,0.85,45
5053,other,G,G,0.85,0.7041673207899051,0.85,120
5054,other,G,C,1.0,0.8693514206811971,1.0,89
5055,other,C,E,0.95,0.8158628910156678,0.95,72
5056,other,B,B,0.95,0.7665614810628438,0.95,187
5057,other,C,C,0.9,0.7016404637854121,0.9,258
5058,other,C,G,0.85,0.8523842648713417,0.85,39
5059,other,B,C,0.85,0.7372482908313273,0.85,265
5060,other,D,H,0.9,0.856172117219398,0.9,59
5061,other,B,H,0.95,0.7600942239645152,0.95,59
5062,other,G,C,0.95,0.6288271980510309,0.0,353
5063,other,D,B,0.85,0.7617812804166245,0.85,54
5064,other,A,I,0.9,0.8102186520906206,0.0,81
5065,other,D,D,0.98,0.788712976078749,0.98,193
5066,other,B,B,0.75,0.7234101577496937,0.75,65
5067,other,C,C,0.85,0.7552242664295342,0.85,45
5068,other,E,E,0.9,0.7365013533254524,0.9,215
5069,other,B,B,0.85,0.7220568935268954,0.95,65
5070,other,I,A,0.9,0.7733551183034831,0.8,65
5071,other,D,D,0.95,0.7265851660782385,0.95,112
5072,other,B,D,0.9,0.6702031203473158,0.9,266
5073,other,E,E,0.9,0.711294451835868,0.9,74
5074,other,J,G,0.9,0.650304218453211,0.9,187
5075,other,J,J,0.9,0.7367432155658278,0.9,161
5076,other,B,B,0.95,0.8684276572600987,0.95,151
5077,other,D,D,0.8,0.7209445503911185,0.8,82
5078,other,G,H,0.75,0.6381315736742368,0.75,176
5079,other,J,J,0.85,0.7874473673295537,0.95,154
5080,other,E,,1.0,0.8063716237018363,0.0,265
5081,other,A,I,0.75,0.7168908216243022,0.4,73
5082,other,I,B,0.6,0.6688117839371023,0.6,65
5083,other,I,G,0.95,0.809869723408065,0.95,126
5084,other,E,G,0.95,0.712063177966592,0.95,140
5085,other,C,H,0.57,0.6719129470887428,0.4,62
5086,other,F,H,0.95,0.8069988612071409,0.95,65
5087,other,A,H,0.95,0.8009441888022765,0.95,71
5088,other,E,G,0.9,0.757044335775305,0.9,72
5089,other,D,J,0.95,0.7511970634310573,0.0,83
5090,other,H,D,0.95,0.702814043991118,0.95,120
5091,other,F,F,0.95,0.7026032367197804,0.95,124
5092,other,E,E,0.95,0.7867569481591794,0.95,72
5093,other,F,F,0.95,0.7931764217748738,0.95,65
5094,other,F,B,1.0,0.8536103561432039,0.4,75
5095,other,J,I,0.8,0.7049360666582704,0.0,88
5096,other,H,G,1.0,0.7576461258749589,0.0,68
5097,other,A,H,1.0,0.8705537953195513,0.9,68
5098,other,J,J,0.95,0.8521662892375927,0.95,72
5099,other,I,I,0.95,0.8255376647512188,0.95,171
5100,other,E,B,0.9,0.7131044104592003,0.9,207
5101,other,A,A,0.95,0.8806012993948066,0.95,47
5102,other,D,D,0.9,0.6051329819538674,,1483
5103,other,J,C,1.0,0.9341026884970896,0.7,38
5104,other,I,A,0.95,0.8686709361406704,0.95,61
5105,other,F,F,1.0,0.7543814708029091,0.9,79
5106,other,A,A,0.9,0.7916409163486791,0.9,81
5107,other,A,A,0.9,0.7771708770920801,0.9,56
5108,other,G,G,0.8,0.8022324106382037,0.9,65
5109,other,E,B,0.95,0.8768048723092596,0.95,49
5110,other,H,H,0.95,0.8937428522492277,0.95,59
5111,other,E,A,0.95,0.7405458301864759,0.95,97
5112,other,D,D,0.8,0.7188539675191312,0.7,87
5113,other,B,D,0.95,0.8484009439158458,0.4,127
5114,other,B,B,0.9,0.7224000774926208,0.9,143
5115,other,I,I,0.9,0.8251292534225088,0.9,129
5116,other,I,B,1.0,0.7505129252530025,0.8,87
5117,other,I,F,0.9,0.7071414065025718,0.9,235
5118,other,C,C,0.95,0.8286911276905519,0.95,85
5119,other,A,A,0.95,0.931919113432104,0.95,256
5120,other,E,J,0.8,0.8460972607213205,0.9,220
5121,other,C,C,1.0,0.9126682596206862,1.0,113
5122,other,B,B,0.9,0.7096143216038063,0.9,130
5123,other,I,E,0.95,0.7352621514431896,0.95,101
5124,other,H,H,1.0,0.9535408402239818,1.0,86
5125,other,J,B,1.0,0.8379552501507632,0.9,87
5126,other,H,H,1.0,0.8238086465085833,1.0,130
5127,other,G,I,1.0,0.8433112191977166,0.5,62
5128,other,A,F,0.98,0.7381822691230115,0.0,422
5129,other,E,D,0.95,0.8482297449590763,0.0,194
5130,other,E,E,0.95,0.6711578068154161,0.95,498
5131,other,F,C,0.8,0.810686112907635,0.8,61
5132,other,F,G,0.8,0.7492556005117067,0.6,88
5133,other,D,D,0.95,0.7522966374987268,0.95,134
5134,other,H,E,0.95,0.7485606384399875,0.9,78
5135,other,F,D,0.95,0.8278215602660366,0.95,60
5136,other,C,C,1.0,0.8350979922497208,1.0,83
5137,other,A,A,0.95,0.7723421055229541,1.0,76
5138,other,I,A,0.9,0.7103139955190739,0.9,149
5139,other,B,J,0.9,0.8428840812853645,0.7,82
5140,other,F,D,0.8,0.6343903277119254,0.4,147
5141,other,F,B,0.9,0.7283819805854419,0.0,89
5142,other,C,C,1.0,0.709672764077239,0.0,174
5143,other,D,D,0.9,0.7709330176154633,0.9,170
5144,other,A,B,0.85,0.7655424501129687,0.85,51
5145,other,G,G,0.9,0.7146902536539748,0.9,105
5146,other,D,E,0.9,0.8008312412356876,0.9,70
5147,other,D,D,0.95,0.8139623242959388,0.95,54
5148,other,B,D,0.9,0.7381069547146817,0.9,145
5149,other,B,C,0.9,0.710677031234479,0.9,129
5150,other,C,A,0.9,0.7689686914205897,0.7,175
5151,other,E,E,0.9,0.7772914095224444,0.8,89
5152,other,B,B,0.9,0.773773098001932,0.9,106
5153,other,D,C,0.95,0.8463908386396864,0.95,62
5154,other,I,B,0.95,0.7327505443653879,0.95,83
5155,other,F,F,0.85,0.681081049788238,0.95,194
5156,other,F,E,0.98,0.7371477019792056,0.8,249
5157,other,H,H,0.95,0.7631538548692731,0.95,162
5158,other,C,E,0.9,0.8284670297973465,0.9,149
5159,other,D,D,0.95,0.8217021292228572,0.95,41
5160,other,I,J,0.75,0.7939343807748745,0.7,155
5161,other,H,H,0.85,0.8950247208584932,1.0,40
5162,other,C,D,0.95,0.7787694936440807,0.95,137
5163,other,I,H,0.5,0.8215865783549001,0.5,75
5164,other,H,C,0.75,0.7413742868837105,0.75,83
5165,other,H,D,0.95,0.781743221229983,0.0,65
5166,other,G,C,0.95,0.7893532971370634,0.8,99
5167,other,D,D,0.97,0.8612981230670543,0.9,62
5168,other,I,I,0.9,0.7351954677886683,0.9,77
5169,other,A,C,0.7,0.663023353240939,0.6,89
5170,other,F,F,0.9,0.8208967345128193,0.9,57
5171,other,C,G,0.9,0.725834547550248,0.9,116
5172,other,A,G,0.95,0.7532053605827832,0.0,104
5173,other,G,G,0.85,0.6766318576068497,0.85,105
5174,other,E,D,0.8,0.7841134066428362,0.8,98
5175,other,C,A,0.9,0.7771833064496703,0.7,101
5176,other,H,H,1.0,0.7499125142875528,1.0,174
5177,other,I,D,0.98,0.7643531844869598,0.8,64
5178,other,D,A,0.9,0.9038373897249635,0.9,68
5179,other,G,G,0.95,0.774348426168404,0.95,84
5180,other,A,A,0.98,0.7918410424450049,0.98,62
5181,other,G,G,0.85,0.8394076363245541,0.85,41
5182,other,A,,0.2,0.6685120363009043,0.0,69
5183,other,I,H,0.95,0.7647724293388574,0.7,69
5184,other,D,D,0.95,0.8195021647632732,0.95,51
5185,other,B,A,0.95,0.8808126170063302,0.95,71
5186,other,F,F,0.95,0.8093846548955068,0.95,34
5187,other,F,D,0.95,0.8804155850816607,0.0,90
5188,other,A,A,1.0,0.9442309845768818,1.0,62
5189,other,D,D,0.95,0.7745698358519846,0.7,54
5190,other,D,G,0.95,0.8054954353928323,0.4,64
5191,other,B,G,0.95,0.839440929842804,0.95,90
5192,other,A,E,0.95,0.7555997692554237,0.95,142
5193,other,B,B,0.95,0.8027665951548071,0.95,41
5194,other,G,H,0.95,0.8026831651663205,0.8,66
5195,other,A,D,1.0,0.782898282940279,1.0,70
5196,other,G,D,0.95,0.7920375098819411,0.95,49
5197,other,C,C,1.0,0.8908622500337928,1.0,84
5198,other,F,F,0.95,0.7668052625829805,0.95,67
5199,other,B,I,0.95,0.7984342441832246,0.95,72
5200,other,J,I,0.85,0.7840893797453736,0.85,61
5201,other,E,I,0.9,0.7630300175384466,0.9,95
5202,other,C,H,0.6,0.7417831648765355,0.6,251
5203,other,A,C,0.95,0.74272875048477,0.85,95
5204,other,F,F,0.95,0.9256051914738578,1.0,210
5205,other,B,F,0.95,0.7103926405303771,0.95,176
5206,other,A,H,1.0,0.9100973166928349,1.0,98
5207,other,I,D,0.9,0.8321167621578619,0.6,207
5208,other,I,D,0.95,0.8332853018964835,0.7,74
5209,other,F,C,1.0,0.9090336517955804,0.0,223
5210,other,G,B,0.75,0.8345252796298668,0.7,278
5211,other,C,H,1.0,0.8933368495546719,1.0,144
5212,other,D,C,0.9,0.6367146499766533,0.4,122
5213,other,C,C,0.9,0.8016069591361739,0.9,61
5214,other,D,D,0.95,0.8279471808291656,0.95,53
5215,other,F,B,0.95,0.8359458185250703,0.95,99
5216,other,E,H,0.9,0.778418758560215,0.9,142
5217,other,B,C,0.9,0.6963146803439499,0.9,110
5218,other,D,C,0.9,0.7693098893044988,0.8,82
5219,other,D,E,0.9,0.8244697790906541,0.4,113
5220,other,A,G,0.95,0.6579130115450975,0.8,200
5221,other,B,C,0.9,0.7984464655649586,0.9,226
5222,other,C,A,0.95,0.7770370229613603,0.7,93
5223,other,D,E,0.9,0.7017334286365238,0.9,131
5224,other,C,D,0.85,0.672817374907916,0.85,79
5225,other,D,E,0.95,0.7524809102473963,0.95,160
5226,other,F,D,0.95,0.7334724549677467,0.95,228
5227,other,A,A,0.95,0.7186031487465097,0.95,85
5228,other,F,B,0.95,0.6976902765405888,0.8,85
5229,other,B,C,0.9,0.7666399885592404,0.9,68
5230,other,E,E,0.95,0.7340307851435367,0.95,133
5231,other,F,F,0.95,0.7559269017384176,0.8,73
5232,other,D,D,0.98,0.9013578003736442,0.98,62
5233,other,G,G,0.95,0.8425268191862736,0.95,89
5234,other,F,H,0.95,0.8083454465392228,0.95,101
5235,other,B,C,0.92,0.7589154182668653,0.9,145
5236,other,I,E,0.7,0.7538338738675753,0.4,83
5237,other,B,H,0.7,0.5738215350452461,0.2,143
5238,other,A,H,0.9,0.7598487123578499,0.5,117
5239,other,E,E,1.0,0.9415068714918913,1.0,28
5240,other,H,B,0.85,0.8031146147156637,0.0,67
5241,other,F,F,1.0,0.9277183706910062,1.0,40
5242,other,E,E,0.95,0.8930205690159035,0.95,46
5243,other,A,A,0.95,0.7347822681252998,0.95,105
5244,other,E,A,0.9,0.7642111004651218,0.7,90
5245,other,B,B,0.95,0.813508554879276,0.95,101
5246,other,C,C,0.95,0.7701542326831661,0.95,90
5247,other,B,B,1.0,0.8663726662814114,1.0,99
5248,other,E,E,0.95,0.9000057842520838,0.95,36
5249,other,E,E,0.95,0.7723303483251063,0.95,73
5250,other,D,D,1.0,0.9314173028082406,1.0,49
5251,other,C,B,1.0,0.8269614076957765,0.0,68
5252,other,E,E,0.95,0.7647495687700787,0.95,56
5253,other,E,D,1.0,0.7851944172512882,0.8,69
5254,other,C,F,1.0,0.8182919645213518,0.9,77
5255,other,D,F,0.9,0.7269612367947702,0.9,54
5256,other,D,D,0.95,0.787659164043141,0.95,82
5257,other,E,H,1.0,0.8682869612930502,0.9,39
5258,other,G,I,0.9,0.7683507272155675,0.9,102
5259,other,A,A,1.0,0.8136916026223922,1.0,68
5260,other,I,H,0.92,0.6139517411354334,0.0,192
5261,other,E,A,0.65,0.727018819240119,0.9,142
5262,other,E,E,0.95,0.8946435131730286,0.95,139
5263,other,G,C,1.0,0.7827239443116275,1.0,89
5264,other,B,B,0.85,0.601250039681951,0.85,357
5265,other,J,D,1.0,0.8367241656928522,0.0,76
5266,other,E,E,1.0,0.9481968973903593,1.0,42
5267,other,D,C,0.95,0.8850339617000523,0.95,144
5268,other,A,F,0.9,0.7859965601914725,0.9,86
5269,other,J,,0.5,0.8625753376747848,0.7,104
5270,other,D,D,0.99,0.9378671970908254,0.9,106
5271,other,I,B,0.95,0.8400353219768436,0.95,62
5272,other,C,C,0.98,0.8845939032933806,0.98,58
5273,other,I,I,0.9,0.757679473700893,0.9,106
5274,other,B,F,0.85,0.7130123150358411,0.85,125
5275,other,F,F,0.95,0.8036563659595062,0.95,52
5276,other,C,D,0.85,0.7821962137929738,0.85,65
5277,other,A,A,0.9,0.7896764886382157,0.9,68
5278,other,C,C,0.95,0.822959254577724,0.95,69
5279,other,C,C,0.7,0.7351346808737486,0.7,91
5280,other,D,D,0.9,0.7795229900162111,0.9,94
5281,other,H,H,0.75,0.6574016350056098,0.75,177
5282,other,D,C,0.8,0.8121829590435944,0.4,64
5283,other,C,G,0.95,0.8134718011049757,0.95,57
5284,other,I,C,0.8,0.6391082351808209,0.8,195
5285,other,J,J,0.85,0.6984551772910258,0.85,163
5286,other,H,B,0.85,0.8795887740694666,0.85,59
5287,other,B,B,0.95,0.8610835966733568,0.95,67
5288,other,F,C,0.95,0.7663777186679521,0.95,74
5289,other,H,H,0.85,0.7659395998673313,0.85,191
5290,other,B,D,0.85,0.7080363423190156,0.6,183
5291,other,D,D,0.9,0.7415071832939463,0.9,108
5292,other,E,E,0.75,0.7355078998380029,0.8,64
5293,other,E,E,0.9,0.8164830751334097,0.9,80
5294,other,F,B,0.95,0.7334156863132835,0.95,75
5295,other,C,C,0.9,0.775916799113692,0.9,100
5296,other,F,B,0.95,0.8642693382895449,0.95,73
5297,other,G,G,0.9,0.7540107565172045,0.9,111
5298,other,G,F,0.7,0.7121078907355399,0.0,86
5299,other,H,H,0.5,0.7466774292052469,0.5,89
5300,other,E,B,0.9,0.7308740660503271,0.9,80
5301,other,B,G,0.75,0.7285147178405672,0.4,82
5302,other,B,A,0.95,0.8917768416099655,1.0,68
5303,other,E,J,0.6,0.6928035652287151,0.0,64
5304,other,J,J,0.9,0.8486692778863997,0.9,93
5305,other,H,A,0.95,0.793553065150182,0.95,107
5306,other,I,G,0.95,0.7513648338026085,0.0,156
5307,other,A,A,0.95,0.8137970857582748,0.95,57
5308,other,E,H,0.95,0.7332056372204222,0.95,65
5309,other,B,B,1.0,0.8814485542651868,1.0,125
5310,other,F,B,0.97,0.7047512126408698,0.6466666666666666,68
5311,other,J,J,0.9,0.6841156738230243,0.9,136
5312,other,H,I,0.9,0.8107977309578036,0.9,99
5313,other,B,B,0.95,0.8640140071083774,0.95,60
5314,other,G,D,0.95,0.6983947684585669,0.95,676
5315,other,J,J,1.0,0.8321392957125798,1.0,80
5316,other,C,I,0.95,0.662690682100795,0.95,129
5317,other,C,C,0.05,0.7248097622305375,0.0,101
5318,other,I,B,0.95,0.84813372688128,0.95,131
5319,other,H,H,0.8,0.6488515971208045,0.8,299
5320,other,C,C,0.95,0.7391507392174317,0.95,108
5321,other,A,A,0.9,0.7530167314646196,0.9,163
5322,other,G,A,0.95,0.841777572220159,0.95,205
5323,other,D,B,0.9,0.8514026283542911,0.7,200
5324,other,C,C,0.9,0.7003436355739723,0.9,114
5325,other,H,A,0.95,0.6738799395481243,0.0,881
5326,other,C,G,0.95,0.7856472291979436,0.9,63
5327,other,C,B,0.9,0.8175794754669503,0.0,71
5328,other,H,H,0.95,0.8933153840605467,0.95,60
5329,other,H,C,0.95,0.7897549389889862,0.95,48
5330,other,C,C,0.99,0.8849209837464155,1.0,124
5331,other,H,H,0.9,0.8259935073561323,0.9,92
5332,other,C,C,0.95,0.7332394093040648,0.95,113
5333,other,C,C,0.9,0.7167381470738547,0.9,185
5334,other,H,H,1.0,0.848667837623512,0.4,84
5335,other,I,B,0.9,0.8243271300523964,0.5,68
5336,other,D,D,0.95,0.8002633727015841,0.95,66
5337,other,H,H,1.0,0.8130532741156148,0.95,56
5338,other,H,B,0.9,0.6717215645799615,0.7,78
5339,other,A,F,0.9,0.726482386646852,0.9,67
5340,other,A,A,0.95,0.7381771894176046,0.95,66
5341,other,B,B,0.9,0.7519590498109944,0.9,103
5342,other,D,F,0.8,0.7273452058276267,0.8,146
5343,other,J,B,0.9,0.7945995070778398,0.8,132
5344,other,J,J,0.95,0.8182950012747181,0.95,49
5345,other,C,A,0.95,0.765210581925608,0.95,85
5346,other,D,D,1.0,0.8324130354524681,0.9,70
5347,other,G,D,0.85,0.7356534483321631,0.85,64
5348,other,H,E,0.95,0.7825654924196974,0.95,70
5349,other,A,A,0.9,0.8120300623651144,0.4,57
5350,other,B,B,0.9,0.7759913801044258,0.9,67
5351,other,J,J,0.85,0.7788117153033474,0.85,57
5352,other,I,C,0.85,0.7219056499244535,0.7749999999999999,132
5353,other,A,A,0.9,0.6960540056964013,0.9,198
5354,other,G,G,0.95,0.8440952934773434,0.7,68
5355,other,D,D,0.9,0.789884530120461,0.9,54
5356,other,B,B,0.95,0.7932831200440194,0.95,82
5357,other,A,A,0.9,0.7549156839011933,0.9,174
5358,other,C,D,0.9,0.7277808965479854,0.2,218
5359,other,B,B,0.95,0.874782895663616,0.95,77
5360,other,C,E,0.65,0.756661378454446,0.7,484
5361,other,H,H,0.95,0.7108688395683497,0.95,118
5362,other,H,H,0.95,0.7147587141805466,0.95,64
5363,other,J,A,0.95,0.7022000502812238,0.95,100
5364,other,I,B,0.9,0.7066580773145705,0.8,202
5365,other,D,F,0.9,0.7263940437634623,0.9,96
5366,other,A,A,0.95,0.7298714886571422,0.7,60
5367,other,D,B,0.9,0.7441698748737695,0.9,126
5368,other,C,C,0.8,0.7733740991434319,0.9,87
5369,other,F,B,0.95,0.7416352834349597,0.95,107
5370,other,B,B,0.9,0.7442078842594169,0.9,94
5371,other,H,D,0.9,0.7000613695164062,0.9,82
5372,other,G,J,0.9,0.7327360452010603,0.0,94
5373,other,J,J,0.8,0.7309432378963043,0.8,400
5374,other,J,E,0.8,0.7861007615361153,0.6,59
5375,other,F,F,0.95,0.7523004750120847,0.95,49
5376,other,I,E,0.7,0.6609347548188734,0.7,229
5377,other,D,D,0.95,0.7853469086502658,0.95,86
5378,other,C,D,0.95,0.8582692284237932,0.8,68
5379,other,H,B,0.95,0.8124912818582902,0.0,63
5380,other,H,H,0.9,0.8244857260511774,0.9,66
5381,other,D,D,0.9,0.7740588394513509,0.7,79
5382,other,B,F,0.9,0.7862778205272472,0.8,111
5383,other,F,F,0.95,0.7944744058020182,0.9,92
5384,other,F,D,0.7,0.7602236669499872,0.4,79
5385,other,H,C,0.8,0.7032902524368597,0.4,80
5386,other,D,H,0.8,0.7217317129382858,0.8,163
5387,other,I,E,0.9,0.8756040767682018,0.7,66
5388,other,F,J,0.92,0.7239968239480145,0.6,111
5389,other,H,J,0.85,0.8613901656071951,0.85,81
5390,other,H,H,0.9,0.8683943396013254,0.9,60
5391,other,B,D,0.9,0.7718828556694779,0.9,87
5392,other,F,J,0.9,0.6491701532884006,0.5,85
5393,other,D,D,0.95,0.8303246403552565,0.95,31
5394,other,I,I,1.0,0.8656187454188914,1.0,49
5395,other,H,D,0.95,0.7856620514581639,0.95,75
5396,other,H,B,0.95,0.8036168855999853,0.4,149
5397,other,A,C,0.95,0.7921495458709725,0.0,135
5398,other,H,H,1.0,0.759433156920158,1.0,90
5399,other,F,B,0.9,0.8670906205084981,0.8,248
5400,other,G,G,0.9,0.7765434101092268,0.9,84
5401,other,B,B,0.9,0.7432654593959764,0.9,78
5402,other,J,F,0.95,0.8035103176071063,0.31666666666666665,91
5403,other,A,G,0.9,0.8100029495544964,0.9,57
5404,other,E,C,0.8,0.6888861700856531,0.8,108
5405,other,G,G,0.95,0.8119577103660253,0.95,67
5406,other,C,E,1.0,0.8782769741594336,1.0,148
5407,other,A,A,0.9,0.7823357337741528,0.8,183
5408,other,A,A,0.99,0.8849220146128025,0.99,198
5409,other,D,F,0.85,0.846953151465102,0.9,43
5410,other,A,A,0.95,0.8179410861717563,0.95,95
5411,other,A,B,0.95,0.8430615135282429,0.7,108
5412,other,A,A,0.95,0.7728519918234807,0.95,95
5413,other,I,J,0.9,0.6948658060208983,0.9,157
5414,other,H,H,0.55,0.896900052064,0.4,290
5415,other,G,A,0.95,0.8328942226947537,0.0,553
5416,other,H,F,0.9,0.7538105649768452,0.7,68
5417,other,G,I,0.9,0.663599523000728,0.8,63
5418,other,A,H,1.0,0.844193514657108,0.0,95
5419,other,C,J,0.8,0.7409573323927402,0.6,237
5420,other,E,B,0.9,0.7959273153253996,0.0,144
5421,other,A,J,0.9,0.9022367515481238,0.0,135
5422,other,H,H,0.95,0.6784261604196464,0.95,143
5423,other,E,E,0.85,0.7799419162445438,0.85,108
5424,other,J,J,0.97,0.8087591519662857,0.7,196
5425,other,D,D,1.0,0.8412662333245018,1.0,91
5426,other,D,D,0.95,0.8437233283867497,0.95,43
5427,other,D,D,0.85,0.6569873944655908,0.85,159
5428,other,C,E,0.95,0.7747346382832834,0.95,118
5429,other,G,A,0.9,0.8277598036723101,0.9,82
5430,other,D,D,0.95,0.792844030993696,0.95,66
5431,other,J,J,0.95,0.7709195488376046,0.95,108
5432,other,B,B,0.95,0.7727275839689376,0.95,91
5433,other,H,F,0.95,0.8134034352121828,0.0,72
5434,other,B,B,0.85,0.8132718020654345,0.85,63
5435,other,A,G,0.75,0.6407861772984844,0.75,188
5436,other,B,B,0.95,0.7865964858965806,0.95,85
5437,other,E,E,0.85,0.7535632092856569,0.95,59
5438,other,I,I,0.9,0.7913657912332648,0.9,79
5439,other,B,B,0.85,0.8285872594365961,0.85,37
5440,other,D,D,1.0,0.8260734004845882,0.9,98
5441,other,A,C,0.95,0.7880741097800221,0.6,102
5442,other,A,B,0.7,0.6836702147797776,0.7,111
5443,other,E,G,0.95,0.7194673131703884,0.95,157
5444,other,D,C,0.92,0.7593778409943336,0.6,82
5445,other,D,B,0.85,0.6955612252500759,0.4,83
5446,other,F,C,0.7,0.7064453145648458,0.95,598
5447,other,H,D,0.85,0.6623199985588456,0.85,197
5448,other,H,H,0.95,0.7769488748024328,0.95,97
5449,other,H,H,0.85,0.7897960048794016,0.85,74
5450,other,D,D,0.95,0.8079324273647354,0.95,90
5451,other,G,C,0.75,0.6821668254548853,0.4,77
5452,other,H,H,0.85,0.6718289332829087,0.4,80
5453,other,F,J,0.9,0.7675277509339112,0.8,192
5454,other,D,H,0.85,0.7670830240119689,0.7,63
5455,other,B,B,0.95,0.773749523468478,0.95,105
5456,other,J,I,0.5,0.7626783206287154,0.5,80
5457,other,I,I,0.95,0.7769626410211479,0.95,73
5458,other,H,D,0.95,0.7671663690941827,0.95,66
5459,other,A,F,0.9,0.6657527195028621,0.925,364
5460,other,G,G,0.9,0.6843253555814144,0.8,218
5461,other,D,,1.0,0.7330312281536226,0.8,93
5462,other,A,C,0.7,0.760130746646232,0.7,65
5463,other,G,D,1.0,0.8926753302587497,0.0,66
5464,other,F,D,0.95,0.8370433501375025,0.0,88
5465,other,G,F,0.85,0.7773350882733647,0.85,75
5466,other,H,H,1.0,0.903946576781561,1.0,49
5467,other,E,B,0.9,0.8472457445062326,0.7,192
5468,other,J,J,0.95,0.8108437060385388,0.8,61
5469,other,C,B,0.95,0.8046479079004337,0.475,63
5470,other,I,I,1.0,0.9256041243737406,1.0,29
5471,other,H,C,0.9,0.8013189077563714,0.9,75
5472,other,B,B,0.95,0.7363048918743629,0.95,162
5473,other,A,J,0.9,0.8101543496566479,0.0,57
5474,other,A,F,0.95,0.7238175761611491,0.8,180
5475,other,I,J,0.95,0.8315274892649688,0.0,51
5476,other,E,E,0.95,0.7432414079555516,0.95,118
5477,other,I,F,0.5,0.6852887482522415,0.4,230
5478,other,H,H,0.95,0.8298491021529233,0.95,112
5479,other,C,B,0.9,0.7961685128614889,0.9,75
5480,other,D,C,0.95,0.8599927077102153,0.95,108
5481,other,C,H,1.0,0.8948508051335654,1.0,85
5482,other,C,E,0.95,0.7583206224150668,0.95,100
5483,other,A,F,0.8,0.7615649000928199,0.0,46
5484,other,D,D,0.95,0.786110039382988,0.95,126
5485,other,E,B,1.0,0.8132184737844645,1.0,92
5486,other,B,B,0.85,0.7279753867507887,0.85,83
5487,other,B,B,1.0,0.795506961491732,0.9,83
5488,other,B,D,0.9,0.7116754359573206,0.8,157
5489,other,H,H,1.0,0.9115824677612278,1.0,71
5490,other,F,B,0.75,0.8351164964057222,0.4,278
5491,other,I,I,0.95,0.928870191412308,0.95,142
5492,other,D,D,0.8,0.6621401387978987,0.8,341
5493,other,F,F,0.9,0.8846315372031924,0.0,216
5494,other,E,E,0.9,0.8050037032721447,0.9,82
5495,other,I,C,0.95,0.8936469695644628,0.95,107
5496,other,A,J,0.85,0.6829321384649766,,1636
5497,other,G,G,0.95,0.831225611748926,0.95,69
5498,other,A,B,0.95,0.7347494564755299,0.95,79
5499,other,C,D,0.95,0.8353454744208823,0.95,47
5500,other,D,E,0.95,0.7309277667747586,0.95,224
5501,other,B,B,0.85,0.8129003627559576,0.85,68
5502,other,C,C,0.8,0.7388935847561794,0.8,86
5503,other,I,I,0.95,0.6981923929111212,0.95,147
5504,other,D,D,0.95,0.7897351607046552,0.95,186
5505,other,I,F,0.95,0.7908989583675802,0.1,212
5506,other,A,A,0.75,0.7615433530451021,0.0,61
5507,other,B,D,0.9,0.8035928986404518,0.9,65
5508,other,A,D,0.95,0.7638912334557808,0.95,120
5509,other,B,B,0.8,0.7716039962983517,0.8,114
5510,other,D,D,0.9,0.810756901493132,0.9,99
5511,other,C,C,0.8,0.7668341634135372,0.8,83
5512,other,G,F,0.95,0.8286790231010341,0.95,64
5513,other,A,A,0.95,0.7240807080162587,0.95,102
5514,other,A,A,0.8,0.7216251146520586,0.9,87
5515,other,A,A,0.95,0.7797179087939341,0.95,95
5516,other,B,B,0.98,0.6528762131716427,0.0,108
5517,other,J,J,0.95,0.662305817841046,0.95,106
5518,other,A,A,0.85,0.6816983419022101,0.85,780
5519,other,I,A,0.95,0.7640854163008952,0.95,58
5520,other,F,H,0.9,0.7819386357117926,0.7,125
5521,other,H,A,1.0,0.7715202004404412,0.7,80
5522,other,B,A,0.9,0.781556155821055,0.9,273
5523,other,H,H,0.98,0.8278736509530614,0.98,58
5524,other,G,E,0.9,0.9046672465864937,0.9,70
5525,other,D,D,0.95,0.7829676910971395,0.95,88
5526,other,J,G,0.95,0.742997615513895,0.8,143
5527,other,D,D,0.9,0.8527904326387937,0.9,64
5528,other,J,E,0.95,0.8503641677254563,0.95,69
5529,other,G,G,0.85,0.7931018019669143,0.85,154
5530,other,B,B,0.6,0.7081337280098308,0.5,64
5531,other,F,B,0.75,0.7565392968038348,0.3,77
5532,other,C,I,0.5,0.7073739068695085,0.5,85
5533,other,C,E,0.75,0.6967622507492004,0.4,103
5534,other,D,D,0.8,0.8324877687965557,0.9,168
5535,other,B,B,1.0,0.9443356415071997,0.95,199
5536,other,H,H,0.95,0.6980292039467021,0.95,89
5537,other,G,G,0.95,0.7228065543406491,0.95,175
5538,other,E,C,0.3,0.69745523823089,0.0,116
5539,other,F,B,0.6,0.6906596721069039,0.6,162
5540,other,H,C,0.9,0.8800118423888051,0.9,39
5541,other,E,C,0.9,0.7836508998258045,0.9,91
5542,other,G,A,1.0,0.8786474534479047,0.0,68
5543,other,A,D,0.8,0.7545015233828878,0.4,59
5544,other,D,D,0.95,0.8571306631705887,0.95,83
5545,other,E,D,0.9,0.7584265322968083,0.9,78
5546,other,B,B,1.0,0.7447592908064946,1.0,152
5547,other,G,E,0.95,0.7668228829563056,0.4,68
5548,other,A,H,0.9,0.8009623517252044,0.8,90
5549,other,D,D,0.9,0.7704008432632526,0.9,82
5550,other,B,A,0.85,0.653019553405094,0.85,133
5551,other,F,C,0.95,0.8765559808340023,0.7,85
5552,other,H,H,0.9,0.7487007943858577,0.9,97
5553,other,B,J,0.95,0.7623808772060946,0.95,107
5554,other,E,E,0.95,0.863392329923945,0.95,63
5555,other,E,,0.95,0.7822328445011026,0.6,249
5556,other,E,B,1.0,0.903485406154069,0.0,69
5557,other,H,H,0.9,0.881189029624213,0.9,103
5558,other,E,E,1.0,0.8149893234239476,1.0,72
5559,other,E,D,0.95,0.7167090939207222,0.95,92
5560,other,J,I,1.0,0.9135684694461352,0.8,197
5561,other,G,D,1.0,0.8402115848496273,0.0,229
5562,other,I,E,1.0,0.7368858444845213,0.7,85
5563,other,E,E,0.95,0.7678748409447145,0.95,107
5564,other,C,A,1.0,0.8864370982130417,0.0,117
5565,other,C,B,0.8,0.8179930876814735,0.8,84
5566,other,A,A,0.9,0.7017825214232395,0.9,103
5567,other,C,C,0.85,0.7654948720186191,0.85,59
5568,other,A,G,0.95,0.8318256927004726,1.0,67
5569,other,G,G,0.95,0.7543595165487567,0.95,81
5570,other,C,C,1.0,0.8246137950392095,1.0,60
5571,other,F,B,0.9,0.7971492688320919,0.9,99
5572,other,A,A,0.95,0.7654667437035216,0.95,74
5573,other,D,A,0.9,0.8703310320252737,,1279
5574,other,E,B,0.75,0.6972078989888911,0.0,78
5575,other,I,C,0.7,0.6582124560752382,0.4,81
5576,other,C,C,0.95,0.8158929124418706,0.95,61
5577,other,G,E,0.95,0.8251419588127822,0.95,57
5578,other,J,J,0.95,0.8256030694136454,0.95,98
5579,other,E,H,0.9,0.886149672276228,0.9,95
5580,other,F,J,0.95,0.6794600505438082,0.0,108
5581,other,F,F,1.0,0.7567817636643243,1.0,135
5582,other,E,F,0.9,0.8039702878895161,0.9,104
5583,other,F,F,0.8,0.6929250277362237,0.8,203
5584,other,B,A,0.95,0.7513418462255085,0.95,80
5585,other,I,I,0.95,0.8264568172631406,0.95,77
5586,other,A,A,0.95,0.7443473178155979,0.95,91
5587,other,B,B,0.9,0.7057700757960563,0.7,130
5588,other,C,C,0.65,0.7864917314507031,0.4,138
5589,other,I,I,0.95,0.749777715837761,0.95,52
5590,other,A,G,0.95,0.7623383357487526,0.0,102
5591,other,B,B,0.95,0.8055124454243557,0.95,61
5592,other,A,A,0.8,0.7487919949340951,0.7,101
5593,other,J,D,0.9,0.8706222453423121,0.0,194
5594,other,D,B,0.9,0.8411757646080944,0.7,124
5595,other,H,H,0.9,0.831000947424222,0.9,78
5596,other,E,D,0.9,0.7752811285955475,0.4,117
5597,other,H,D,0.85,0.7881225229752743,0.85,87
5598,other,F,J,0.95,0.763276464185979,0.95,91
5599,other,F,D,0.99,0.809700527406675,0.0,95
5600,other,G,C,0.7,0.6616904925464745,0.7,132
5601,other,G,G,0.95,0.8097490398621382,0.95,99
5602,other,F,G,0.9,0.8309062383617801,0.0,99
5603,other,E,E,0.9,0.7528925458296839,0.8,99
5604,other,A,H,0.95,0.6546565037268606,0.4,144
5605,other,F,F,0.9,0.7337071137879607,0.9,98
5606,other,J,E,0.95,0.824907891515891,0.0,81
5607,other,B,B,0.9,0.9455506171772309,1.0,58
5608,other,B,B,1.0,0.8708232888208257,1.0,68
5609,other,C,C,1.0,0.8625218534329381,0.95,64
5610,other,F,F,0.95,0.7838593803792336,0.95,64
5611,other,G,D,0.9,0.7591095934217115,0.4,194
5612,other,G,J,0.95,0.752714170129714,0.95,56
5613,other,E,H,0.9,0.7972080898501478,0.7,67
5614,other,B,H,0.9,0.8191625960126153,0.9,54
5615,other,D,D,0.95,0.8544780770024505,0.95,120
5616,other,A,A,0.8,0.7154293726488092,0.8,67
5617,other,A,A,0.95,0.8785467216524089,0.95,174
5618,other,G,H,0.8,0.8327095592342406,0.8,57
5619,other,C,E,0.95,0.6846626116873227,0.0,84
5620,other,D,D,0.95,0.7892177055099454,0.95,65
5621,other,H,D,0.95,0.7877993916118358,0.0,74
5622,other,D,C,1.0,0.9162924134278326,0.0,55
5623,other,D,B,0.85,0.712711289239512,0.8,171
5624,other,D,D,0.9,0.8029723146298332,0.9,80
5625,other,A,A,0.95,0.6684798762756885,0.8,196
5626,other,C,C,0.9,0.764447219540107,0.9,127
5627,other,H,G,0.95,0.7935611222298559,0.95,79
5628,other,H,B,1.0,0.8768885913202633,0.7,80
5629,other,H,H,0.9,0.7667381723312889,0.9,100
5630,other,G,G,0.98,0.9089349515923032,0.98,206
5631,other,G,,0.95,0.8254732129593754,0.95,209
5632,other,F,F,0.9,0.8229905560234305,0.9,95
5633,other,H,H,0.9,0.7712975888876177,0.9,102
5634,other,I,I,1.0,0.7787028465862944,1.0,237
5635,other,A,E,0.9,0.7401162335327394,0.9,105
5636,other,D,F,0.85,0.75653858027773,0.85,50
5637,other,C,I,0.95,0.7170682745746574,0.7,131
5638,other,B,D,1.0,0.8000436516403713,0.8,66
5639,other,E,B,0.9,0.6678986250360548,0.6,124
5640,other,I,E,0.95,0.7741457410279503,0.8,65
5641,other,F,H,0.9,0.7514434926142517,0.0,100
5642,other,F,C,0.99,0.8267256855162463,0.99,148
5643,other,A,A,0.85,0.7088746511954882,0.85,153
5644,other,A,A,0.95,0.8486815166511227,0.95,75
5645,other,C,C,0.95,0.7544417961915074,0.95,101
5646,other,J,D,0.9,0.7723703719446168,0.4,100
5647,other,C,C,0.9,0.6988657616426798,0.9,148
5648,other,I,J,0.9,0.672529525253282,0.9,137
5649,other,G,G,0.95,0.8040176717270888,0.95,84
5650,other,D,G,0.95,0.8200129673376827,0.95,71
5651,other,G,G,0.9,0.7516591005830612,0.9,49
5652,other,G,I,0.6,0.6461250239077962,0.4,134
5653,other,B,E,0.95,0.8408159803708448,0.9,53
5654,other,H,G,0.7,0.7219629817896633,0.7,101
5655,other,B,A,0.95,0.9531918366647127,0.0,279
5656,other,G,G,0.9,0.8927997804058113,0.9,48
5657,other,J,J,1.0,0.9288958704578889,1.0,33
5658,other,D,D,0.95,0.8508992722356541,0.95,54
5659,other,C,B,0.8,0.813840437353805,0.8,156
5660,other,G,B,0.9,0.8006341862205714,0.9,103
5661,other,I,I,0.95,0.7309173961952209,0.95,142
5662,other,D,D,1.0,0.8820188362905421,1.0,39
5663,other,E,E,0.9,0.8187912868187375,0.9,58
5664,other,I,I,0.95,0.8179526546005323,0.95,79
5665,other,J,J,0.95,0.7455505692918707,0.9,505
5666,other,H,H,0.95,0.8251272062531442,0.95,65
5667,other,D,J,0.95,0.8472411131129604,0.0,63
5668,other,I,F,0.95,0.7618719307516251,0.95,39
5669,other,E,C,0.95,0.8227930484412016,0.95,69
5670,other,H,J,0.95,0.7879585044449847,0.57,65
5671,other,C,A,0.95,0.7226088019603908,0.95,173
5672,other,B,F,0.95,0.755222322177927,0.0,87
5673,other,E,H,0.95,0.815386214674381,0.0,70
5674,other,D,H,1.0,0.8142467142078376,0.0,61
5675,other,E,E,1.0,0.7471603867907289,0.9,100
5676,other,A,B,0.95,0.8157735964001476,0.0,113
5677,other,F,F,0.9,0.7210593002201079,0.8,114
5678,other,G,B,0.95,0.7862654513234417,0.95,113
5679,other,B,B,0.8,0.6938869965860447,0.9,224
5680,other,B,B,1.0,0.8990892107150523,0.9,89
5681,other,D,D,1.0,0.8943673355287102,1.0,228
5682,other,C,E,0.95,0.7518046613121971,0.95,575
5683,other,D,C,0.85,0.6144271523015263,0.85,310
5684,other,D,D,0.9,0.7706418437824972,0.9,98
5685,other,I,A,0.85,0.7016770455684761,0.9,168
5686,other,A,I,0.99,0.9192558892596729,0.99,226
5687,other,J,C,1.0,0.7495888859167152,1.0,138
5688,other,F,F,0.95,0.815762728622391,0.95,64
5689,other,C,B,0.95,0.7686219707788252,0.95,139
5690,other,J,H,0.95,0.8057666833601685,0.0,83
5691,other,H,H,0.9,0.7225002011148896,0.9,203
5692,other,E,,0.9,0.8474170446180092,0.9,118
5693,other,I,F,0.95,0.8692838775528491,0.0,64
5694,other,B,B,0.85,0.9237940183744687,0.7,123
5695,other,D,B,0.9,0.6664367713330062,0.9,496
5696,other,A,H,0.9,0.679803751000511,0.9,70
5697,other,D,D,0.9,0.821726071522951,0.9,96
5698,other,B,F,0.95,0.7914659634594126,0.95,50
5699,other,D,D,0.9,0.7527257826171296,0.9,82
5700,other,J,I,0.95,0.7315192228109739,0.95,101
5701,other,C,C,0.95,0.7166855126389367,0.95,154
5702,other,H,A,0.9,0.7354042983859983,0.9,95
5703,other,A,A,0.8,0.7802279875860626,0.8,88
5704,other,C,A,0.9,0.7484409344946973,0.9,48
5705,other,D,H,0.9,0.8748334128812708,0.9,57
5706,other,C,A,1.0,0.7684432312356642,0.8,49
5707,other,A,A,0.85,0.7587050417111252,0.85,128
5708,other,G,C,0.7,0.6389790504677357,0.7,305
5709,other,D,D,0.95,0.7052863416408968,0.8,116
5710,other,C,A,0.95,0.7499680200408245,0.95,319
5711,other,D,I,0.9,0.7561522687700888,0.9,79
5712,other,G,G,0.95,0.8116207469763103,0.95,56
5713,other,G,G,0.9,0.7976431064336739,0.9,75
5714,other,E,J,0.9,0.7608221160473484,45.45,57
5715,other,A,A,,0.7371454133727144,,182
5716,other,J,J,0.95,0.7661492572766568,0.95,66
5717,other,G,E,0.95,0.7414833906563288,0.95,96
5718,other,J,A,0.8,0.6930929849265272,0.8,676
5719,other,B,B,0.95,0.741272453204088,0.95,68
5720,other,B,B,0.95,0.7310635633574971,0.95,104
5721,other,H,J,0.9,0.8002420969291909,0.9,56
5722,other,E,A,0.9,0.6619076178562704,0.9,113
5723,other,H,G,0.85,0.758888894499091,0.6,99
5724,other,F,I,0.0,0.6517858045935542,0.0,120
5725,other,J,H,0.95,0.7528892908810305,0.95,224
5726,other,G,C,0.85,0.774797995880123,0.85,68
5727,other,J,F,0.8,0.7395334260556342,0.8,67
5728,other,I,C,0.98,0.8312919041072393,0.98,58
5729,other,J,H,0.98,0.7639287122221851,0.0,105
5730,other,D,B,0.95,0.7651993463860055,0.6,116
5731,other,E,E,0.95,0.7874528369891458,0.95,102
5732,other,H,A,0.85,0.7526287535644104,0.85,45
5733,other,E,D,1.0,0.7412744676738613,0.8,182
5734,other,F,J,0.97,0.762885030313313,0.97,72
5735,other,D,D,0.95,0.8019525770716308,0.95,65
5736,other,B,A,0.95,0.7630805455678,0.95,65
5737,other,J,J,0.9,0.7457104548557538,0.9,82
5738,other,B,B,0.95,0.8047197002213289,0.95,45
5739,other,H,H,0.9,0.8449463723177169,0.9,69
5740,other,D,D,1.0,0.7337654880462031,1.0,88
5741,other,C,I,0.9,0.828560085499789,0.9,201
5742,other,J,J,1.0,0.7749926824890622,0.0,136
5743,other,A,D,0.9,0.7016433137795425,0.4,104
5744,other,I,G,1.0,0.9094942122944581,0.9,30
5745,other,I,I,0.8,0.8942246204536448,1.0,62
5746,other,C,F,0.95,0.7524720181997238,0.9,65
5747,other,G,G,0.95,0.7798457704273377,0.7,68
5748,other,J,,0.95,0.8735322898430474,0.6,205
5749,other,C,C,0.95,0.7659488808353485,0.95,76
5750,other,J,J,1.0,0.8353746088626269,0.8,153
5751,other,G,J,0.95,0.8468420711258308,0.9,243
5752,other,H,B,1.0,0.7998788986860166,0.0,166
5753,other,D,I,0.85,0.72093853038247,0.0,201
5754,other,I,D,0.95,0.7481977328453444,0.8,103
5755,other,H,A,0.95,0.8772643179509129,0.9,62
5756,other,H,G,1.0,0.838926815112522,1.0,175
5757,other,E,E,0.95,0.7492592243046909,0.95,112
5758,other,G,A,0.9,0.7231450914464613,0.1,140
5759,other,C,C,0.95,0.832334851839988,0.95,137
5760,other,H,C,0.9,0.7888116281552701,0.8,72
5761,other,B,E,0.85,0.7531192233216212,0.85,248
5762,other,C,A,1.0,0.7880923692385928,0.9,87
5763,other,F,J,0.95,0.7350900157024607,0.95,79
5764,other,H,E,0.9,0.690160233510635,0.9,134
5765,other,E,E,1.0,0.9211102281819369,0.8,122
5766,other,G,,0.85,0.8886428607516633,0.0,169
5767,other,E,E,0.95,0.739047129460353,0.95,88
5768,other,H,A,0.7,0.6349698186146907,0.9,534
5769,other,J,F,0.85,0.6666682056744403,0.7,161
5770,other,H,D,0.95,0.7460325231058212,0.4,143
5771,other,B,F,0.95,0.7237578468478589,0.95,135
5772,other,J,F,0.9,0.8332997487028033,0.9,29
5773,other,F,D,0.85,0.7409775965655292,0.85,74
5774,other,B,C,0.8,0.6777855157538424,0.8,176
5775,other,E,E,0.8,0.6937202974789137,0.7,217
5776,other,B,B,0.95,0.7730246966437349,0.95,79
5777,other,F,F,1.0,0.8461155625748249,0.9,85
5778,other,G,G,0.9,0.6326544558230219,0.9,269
5779,other,F,F,0.9,0.6988054648392624,0.9,172
5780,other,E,E,0.9,0.7249553438188081,0.9,84
5781,other,C,C,1.0,0.7624859614238767,1.0,125
5782,other,E,E,0.95,0.6847579589713211,0.95,131
5783,other,G,I,0.85,0.7745937912468681,0.0,171
5784,other,A,A,0.7,0.7707042211331596,0.7,64
5785,other,F,C,0.9,0.7425181165440041,0.9,93
5786,other,I,C,0.9,0.7471802346232913,0.9,64
5787,other,E,D,0.9,0.7993367771544131,0.4,56
5788,other,H,G,0.7,0.7405395254630897,0.7,65
5789,other,F,F,0.95,0.7841460396547,0.95,185
5790,other,B,C,0.9,0.7948201605341774,0.9,79
5791,other,G,H,0.85,0.7179374608447333,0.7,100
5792,other,I,J,0.95,0.7919171003874635,0.05,60
5793,other,G,G,0.95,0.8829126374964807,0.95,49
5794,other,F,F,0.9,0.7450667061775004,0.9,63
5795,other,J,F,1.0,0.8300392561383262,1.0,48
5796,other,C,D,0.95,0.7647531074553352,0.8,140
5797,other,G,A,1.0,0.897199987598566,0.95,47
5798,other,A,B,0.85,0.7434538735229671,0.5,67
5799,other,J,C,0.9,0.7686911000212635,0.95,97
5800,other,H,E,0.85,0.7857232373213153,0.7,89
5801,other,G,H,0.75,0.710235681694514,0.4,110
5802,other,I,H,0.85,0.8874476845816154,0.9,59
5803,other,D,D,0.95,0.7646214382028131,0.95,165
5804,other,D,G,0.7,0.6518939760897544,0.6,64
5805,other,H,B,0.9,0.7963187406411113,0.9,73
5806,other,H,H,1.0,0.853914056962116,1.0,68
5807,other,A,A,0.95,0.8069672539500922,0.95,37
5808,other,A,F,1.0,0.846632324444834,0.9,48
5809,other,C,D,1.0,0.8745066394682224,0.0,63
5810,other,H,H,0.95,0.8062390196829373,0.95,61
5811,other,B,B,1.0,0.7600773177574417,1.0,145
5812,other,C,D,0.9,0.7251947045727893,0.2,93
5813,other,E,J,0.9,0.7634164402344255,0.0,82
5814,other,G,B,0.8,0.8350835355640169,0.0,66
5815,other,H,H,1.0,0.882648836427569,1.0,58
5816,other,B,B,0.85,0.7076592833635553,0.85,172
5817,other,F,F,0.95,0.8287568633122693,0.95,57
5818,other,B,H,0.95,0.8960016694811227,0.6,63
5819,other,E,E,0.95,0.8091786456610239,0.95,140
5820,other,J,J,0.95,0.8283592806164757,0.95,77
5821,other,G,H,1.0,0.8223830906120827,1.0,69
5822,other,F,E,1.0,0.9082043611679561,1.0,79
5823,other,D,A,1.0,0.9068196761966,1.0,127
5824,other,D,B,1.0,0.7986218413151855,0.0,71
5825,other,A,E,0.9,0.7862459209784921,0.9,98
5826,other,B,B,0.95,0.8674238388746693,0.95,55
5827,other,I,D,0.8,0.8015167392337825,0.0,66
5828,other,E,D,0.8,0.70486854081424,0.0,75
5829,other,H,B,1.0,0.8851509234879984,0.0,85
5830,other,J,B,0.95,0.7865158588097975,0.6,68
5831,other,A,C,0.85,0.736809368826355,0.7,267
5832,other,B,J,0.95,0.7716028821899068,0.95,87
5833,other,H,B,0.95,0.8834797499145125,0.0,88
5834,other,D,E,0.95,0.7918484123590092,0.95,114
5835,other,F,F,0.95,0.7932946229110918,0.95,58
5836,other,C,B,0.95,0.8026315603060657,0.95,97
5837,other,I,D,0.8,0.7351933598104379,0.8,64
5838,other,I,D,0.95,0.8186588860439573,0.4,80
5839,other,B,B,0.9,0.7824585914831965,45.45,78
5840,other,F,A,0.9,0.8318499680496528,0.9,48
5841,other,I,D,0.98,0.7877159571663738,0.9,224
5842,health,E,E,0.9,0.7686448361652468,0.9,142
5843,health,C,A,0.9,0.8300628963844753,0.9,80
5844,health,I,,0.0,0.6574780889667768,0.0,95
5845,health,F,H,0.75,0.6815298109007786,0.4,179
5846,health,D,D,0.95,0.8104690465837212,0.95,61
5847,health,E,E,1.0,0.7696226102428101,1.0,124
5848,health,D,D,0.9,0.7672213132445834,1.0,194
5849,health,G,J,0.6,0.8981292044366075,0.0,236
5850,health,D,D,1.0,0.8623557567567632,1.0,64
5851,health,B,B,0.95,0.8248371939709649,0.95,63
5852,health,B,A,0.95,0.7639618225552993,0.95,76
5853,health,A,E,0.9,0.7382248361506867,0.9,82
5854,health,G,A,0.95,0.7517524233813385,0.95,65
5855,health,D,D,0.95,0.7477782886416638,0.95,103
5856,health,D,D,0.95,0.6989501191317651,0.95,90
5857,health,C,F,0.9,0.7925568023559832,0.9,54
5858,health,A,A,0.9,0.8157218554683434,0.9,83
5859,health,H,G,0.7,0.749028194347123,0.7,104
5860,health,G,D,0.95,0.674142901667619,0.95,122
5861,health,A,H,0.9,0.7500042276424123,0.9,80
5862,health,C,E,0.95,0.8410935234711885,0.95,38
5863,health,E,A,0.95,0.8848946245775278,0.95,91
5864,health,B,B,0.9,0.8283222234783876,0.8,75
5865,health,F,C,0.95,0.7804018647280347,0.95,111
5866,health,A,A,0.95,0.7222674583561436,0.95,232
5867,health,J,A,0.95,0.8824569694854107,0.7,131
5868,health,E,G,0.95,0.8117355231753822,0.95,80
5869,health,I,J,0.95,0.7905987582678635,0.0,70
5870,health,G,H,0.9,0.8328255852026283,0.0,63
5871,health,B,H,0.95,0.774347399410521,0.9,168
5872,health,A,E,1.0,0.8441127250192961,0.8,77
5873,health,A,A,0.95,0.8552283701352854,0.95,64
5874,health,F,E,0.95,0.8434622707314244,0.95,132
5875,health,B,I,0.85,0.7044127457664949,0.85,234
5876,health,D,J,0.9,0.8176792617700246,0.4,60
5877,health,C,G,0.9,0.7378074889986027,0.4,115
5878,health,C,C,0.9,0.7391614864610564,0.9,109
5879,health,A,A,0.9,0.7171402821937342,0.9,131
5880,health,B,B,0.95,0.7854369226017379,0.95,173
5881,health,B,H,0.95,0.7651356394233295,0.95,141
5882,health,A,I,0.95,0.8191956331818683,0.95,93
5883,health,B,B,0.9,0.8665215711086525,0.9,96
5884,health,G,G,0.9,0.7943179964081347,0.9,101
5885,health,D,D,0.95,0.7871266973031984,0.95,120
5886,health,A,E,0.9,0.7466603898339088,0.4,179
5887,health,B,B,0.95,0.8827876742303113,0.95,92
5888,health,A,A,0.9,0.7878302252727847,0.9,133
5889,health,J,C,0.9,0.8045935791759486,0.9,73
5890,health,I,I,0.95,0.8443268699516557,0.95,65
5891,health,F,F,0.95,0.8558327965053594,0.95,68
5892,health,G,H,0.95,0.7817108820806886,0.0,128
5893,health,D,C,0.9,0.7658364938102861,0.6,149
5894,health,B,A,0.95,0.8011487054005565,0.95,165
5895,health,G,A,0.95,0.8000970671346281,0.95,177
5896,health,I,I,1.0,0.8939151590704624,0.9,121
5897,health,D,H,0.95,0.806675530471464,0.95,73
5898,health,G,G,0.9,0.7661441458301544,0.9,72
5899,health,B,I,0.95,0.8557120309540432,0.95,42
5900,health,C,A,0.9,0.8007563185456263,0.8,122
5901,health,I,D,0.95,0.7925645991475818,0.8,266
5902,health,E,H,0.9,0.7865341534966368,0.9,107
5903,health,A,C,0.8,0.7538112127995509,0.8,62
5904,health,E,A,0.9,0.7977370882552336,0.4,150
5905,health,B,B,0.95,0.7816210063304078,0.95,108
5906,health,E,E,0.95,0.8228626597634092,0.95,88
5907,health,A,C,0.85,0.7484035068841728,0.85,65
5908,health,C,B,0.95,0.7613114866364677,0.95,97
5909,health,B,B,0.9,0.7573024289890742,0.9,65
5910,health,H,A,0.8,0.7493887370282569,0.4,115
5911,health,I,B,0.85,0.7157116638506562,0.0,255
5912,health,H,C,0.9,0.7765009939650782,0.0,101
5913,health,J,D,0.9,0.7448130067181976,0.7,163
5914,health,E,J,0.95,0.8030454164614895,0.95,113
5915,health,F,F,0.95,0.7052566133012487,0.95,199
5916,health,H,J,0.9,0.7676138420082362,0.9,202
5917,health,B,B,1.0,0.7860474035046574,0.95,145
5918,health,H,H,0.9,0.8780452966916333,1.0,52
5919,health,I,I,0.9,0.737208747946981,0.9,153
5920,health,H,B,0.9,0.7922476451742603,0.0,89
5921,health,B,H,0.95,0.8659509825387375,0.8,74
5922,health,A,C,1.0,0.8739524339129926,1.0,98
5923,health,B,D,0.75,0.7135810084458136,0.6,63
5924,health,H,H,1.0,0.7615317129751233,0.9,59
5925,health,A,H,0.85,0.7336051550031271,0.8,60
5926,health,D,B,0.95,0.6871940533906661,0.95,78
5927,health,A,C,0.95,0.705314245005843,0.8,193
5928,health,B,I,0.9,0.7835457290249117,0.4,125
5929,health,F,F,0.9,0.8422263942061843,0.9,48
5930,health,F,E,0.95,0.8049698099365711,0.4,64
5931,health,G,C,0.7,0.6794925154834345,0.4,97
5932,health,F,B,0.9,0.7382284032252817,0.9,97
5933,health,D,H,0.85,0.7113050607631971,0.85,241
5934,health,C,C,0.95,0.8504792171279039,0.95,151
5935,health,C,F,0.9,0.8198628145317292,45.45,94
5936,health,G,G,0.95,0.6652996558382189,0.95,171
5937,health,C,C,0.95,0.7644176512171932,0.95,75
5938,health,H,H,0.95,0.7835449702093328,0.95,161
5939,health,H,H,0.95,0.8594414026579836,0.95,92
5940,health,G,G,0.85,0.7985667346121059,0.85,142
5941,health,E,E,0.95,0.8303499630843201,0.95,60
5942,health,H,D,0.95,0.8253879358695275,0.0,89
5943,health,I,I,0.9,0.7891819960125281,0.9,76
5944,health,J,H,0.8,0.8145716038730497,0.2,60
5945,health,B,G,0.9,0.8257030766645115,0.6,95
5946,health,B,B,0.9,0.736385784983221,0.9,224
5947,health,A,G,0.99,0.7577191699130247,0.99,131
5948,health,E,I,1.0,0.8494969491443952,0.95,90
5949,health,F,B,0.95,0.8078513299133123,0.7,47
5950,health,G,I,0.75,0.6777786502014662,0.85,279
5951,health,C,C,0.95,0.8567946253354893,0.95,108
5952,health,H,B,0.9,0.8131134377890817,0.9,82
5953,health,F,F,0.9,0.8128107608292361,0.9,83
5954,health,B,A,0.95,0.7905175002715594,0.4,78
5955,health,F,D,0.95,0.7947194387475774,0.7,75
5956,health,F,G,0.95,0.7999484102413987,0.6,132
5957,health,A,C,0.8,0.8020674241594418,0.8,158
5958,health,G,G,0.9,0.8358720195624385,0.9,74
5959,health,H,H,0.95,0.7886663908090996,0.95,140
5960,health,C,C,1.0,0.7870534303328656,0.9,75
5961,health,J,J,0.85,0.8046501065267048,0.85,93
5962,health,A,A,0.8,0.771125777352881,0.6,136
5963,health,C,E,0.95,0.8384781000457429,0.0,140
5964,health,C,C,0.9,0.8316381611771557,0.9,71
5965,health,I,I,0.95,0.8359800376890685,0.95,78
5966,health,B,A,0.85,0.7722287393410385,0.85,95
5967,health,A,I,0.4,0.7377077996975762,0.0,82
5968,health,H,H,0.95,0.8181435238592408,0.95,87
5969,health,C,D,0.9,0.8094320514853355,0.9,71
5970,health,A,A,0.9,0.7719758176624228,0.9,91
5971,health,C,C,0.9,0.7691521015269934,0.9,101
5972,health,H,G,0.9,0.8792128328620237,0.9,127
5973,health,E,E,1.0,0.7792502355822802,0.95,122
5974,health,J,C,0.9,0.7208444357995777,0.9,114
5975,health,B,I,0.95,0.8401215864417616,0.6,94
5976,health,D,D,0.95,0.8223093025862012,0.9,73
5977,health,D,D,0.85,0.7964535625644374,0.85,62
5978,health,H,H,0.95,0.828639919064513,0.95,57
5979,health,I,I,0.95,0.7679406368933076,0.95,184
5980,health,D,D,0.95,0.8328790299737316,0.95,110
5981,health,A,F,1.0,0.8485903065276021,1.0,67
5982,health,E,C,0.92,0.7119858020756571,0.4,139
5983,health,D,C,0.95,0.8675886125305431,0.0,54
5984,health,G,J,0.9,0.675643398339312,0.8,464
5985,health,J,I,0.9,0.7818195510299633,0.9,275
5986,health,I,H,0.95,0.8250739425627976,0.95,74
5987,health,F,H,0.85,0.7520960793129872,0.6,130
5988,health,A,A,0.8,0.759747750329768,0.8,85
5989,health,J,B,0.95,0.7096191544932038,0.475,82
5990,health,A,C,0.95,0.866112041982477,0.95,36
5991,health,D,D,0.95,0.7603307481626627,0.95,249
5992,health,B,D,0.9,0.7811661936697912,0.9,35
5993,health,I,D,0.95,0.786021039491844,0.95,250
5994,health,C,C,0.95,0.8264104337709918,0.95,120
5995,health,D,D,1.0,0.9218350294560256,1.0,69
5996,health,E,J,0.95,0.7987582757685168,0.95,87
5997,health,B,B,0.9,0.8513916003065357,0.925,392
5998,health,I,H,1.0,0.8611214310917348,1.0,76
5999,health,B,B,0.95,0.8499916547925803,0.95,178
6000,health,B,B,0.9,0.8691190049941643,0.9,91
6001,health,A,A,0.95,0.7708876805938658,0.95,196
6002,health,G,G,0.95,0.8781787109388618,0.95,45
6003,health,A,A,1.0,0.8659367987316282,1.0,47
6004,health,B,B,0.95,0.8284876910853611,0.95,63
6005,health,F,F,0.95,0.7610890920069222,0.95,118
6006,health,G,A,0.95,0.8838707850023038,0.95,101
6007,health,H,H,0.8,0.8527493328160473,0.8,194
6008,health,I,D,0.9,0.6753783843840679,0.9,202
6009,health,J,C,0.9,0.8460717654720967,0.9,92
6010,health,F,D,0.95,0.8107818164802317,0.95,127
6011,health,D,D,0.95,0.7745344151572298,0.95,191
6012,health,E,C,1.0,0.8014220785116435,0.9,125
6013,health,B,B,0.85,0.8258540715102374,0.85,117
6014,health,B,B,0.9,0.6760383023461777,0.9,136
6015,health,D,E,0.95,0.7840598431225524,0.6,498
6016,health,E,I,0.9,0.8629244675239419,0.4,104
6017,health,D,C,0.95,0.872441000881983,0.95,113
6018,health,E,F,0.9,0.8732944095844329,0.0,110
6019,health,A,A,0.95,0.8251813673217938,0.95,136
6020,health,I,F,0.9,0.8055163840124705,0.9,80
6021,health,J,C,0.8,0.7906477043161702,0.8,146
6022,health,A,D,0.95,0.8473676236723046,0.95,104
6023,health,E,H,0.85,0.7569829484134966,0.9,164
6024,health,B,B,0.95,0.8117343562331109,0.95,133
6025,health,I,I,0.95,0.8040032833256465,0.95,212
6026,health,D,D,0.8,0.8267736159653456,0.8,80
6027,health,H,H,0.95,0.7591986985009901,0.95,101
6028,health,F,F,0.9,0.7122596420248087,0.9,170
6029,health,J,C,0.85,0.8088197280414556,0.8,60
6030,health,E,E,0.9,0.8935199383878114,0.9,82
6031,health,D,C,0.95,0.7595561270794554,0.6,132
6032,health,A,E,0.9,0.7041880130708015,0.6,182
6033,health,A,A,0.9,0.7391946781907781,0.9,113
6034,health,I,E,0.9,0.7336442960169215,0.6,104
6035,health,F,C,0.95,0.8285307278707447,0.95,108
6036,health,E,D,0.8,0.7944258858314384,0.8,349
6037,health,D,J,0.95,0.8975996554366105,0.6,58
6038,health,I,I,0.95,0.8741610852810672,0.95,79
6039,health,F,E,0.9,0.8019602335519447,0.9,175
6040,health,F,F,0.9,0.7392832721474915,0.9,70
6041,health,D,E,0.95,0.774227075247347,0.95,193
6042,health,D,D,0.95,0.7512182688733013,0.95,105
6043,health,F,G,0.95,0.7256873767634522,0.95,176
6044,health,D,D,0.95,0.9073114988944613,0.95,56
6045,health,D,B,0.75,0.8118514111912845,0.0,86
6046,health,I,I,0.9,0.7676213616136643,0.9,109
6047,health,I,I,0.9,0.7971347747239627,0.9,96
6048,health,C,C,0.95,0.8227237158602418,0.95,64
6049,health,A,E,0.95,0.6722809972352174,0.95,136
6050,health,J,J,0.9,0.8703688637779572,0.9,337
6051,health,C,E,0.9,0.7908425819517912,0.0,53
6052,health,G,C,0.9,0.7535902091353691,0.8,108
6053,health,J,C,0.9,0.8399793007635756,0.9,52
6054,health,A,D,0.85,0.7467279507696483,0.8,73
6055,health,G,G,0.95,0.7876151329741196,0.95,203
6056,health,I,I,0.9,0.8452317640886935,0.9,85
6057,health,I,I,0.95,0.7922324558868616,0.95,137
6058,health,A,A,1.0,0.8978488277009521,0.5,172
6059,health,F,G,0.9,0.836449210410189,0.9,78
6060,health,J,C,0.95,0.7879124495607576,0.95,75
6061,health,J,H,0.95,0.9098200019400756,0.95,142
6062,health,B,D,0.95,0.853287798901313,0.95,44
6063,health,I,I,0.95,0.8365646650131084,0.95,60
6064,health,J,A,0.95,0.8310290167887208,0.95,257
6065,health,F,A,0.95,0.8074076635628233,0.7,151
6066,health,C,D,0.95,0.8054289871517653,0.0,65
6067,health,E,A,0.95,0.8200201897823682,0.95,74
6068,health,A,A,0.9,0.8234789623324095,0.9,120
6069,health,H,H,0.9,0.8432452966566452,0.9,99
6070,health,C,C,0.95,0.8045993986880814,0.95,228
6071,health,G,G,0.85,0.8477733100381891,0.85,97
6072,health,I,I,0.9,0.804695273820892,0.9,162
6073,health,E,G,0.9,0.8408357659591629,0.0,91
6074,health,G,H,0.9,0.7478585317192517,0.4,138
6075,health,I,A,0.95,0.8052740796747831,0.95,143
6076,health,F,F,0.9,0.8262583003888957,0.9,135
6077,health,C,C,0.8,0.7725923281858131,0.8,83
6078,health,A,A,0.85,0.7817441067889134,1.0,67
6079,health,C,C,0.8,0.6978726121324051,0.7,139
6080,health,B,B,0.95,0.8229789664101759,0.95,109
6081,health,H,H,0.9,0.6946863276150946,0.9,154
6082,health,I,I,0.95,0.778878774814407,0.95,140
6083,health,A,A,0.95,0.8380851871099786,0.95,96
6084,health,C,C,0.95,0.7490372283840268,0.95,127
6085,health,E,E,0.95,0.7264861458621742,0.95,165
6086,health,I,B,0.9,0.7772481803600383,0.7,114
6087,health,F,B,0.8,0.767567203823974,0.8,123
6088,health,I,J,0.8,0.6972923182474033,0.4,178
6089,health,E,A,0.95,0.7993240697550031,0.8,76
6090,health,D,B,0.8,0.797675790000864,0.5,121
6091,health,B,F,0.9,0.82035909896864,0.9,75
6092,health,G,B,0.95,0.8124611816855201,0.95,98
6093,health,J,I,0.95,0.7708853824551666,0.7,234
6094,health,D,D,0.9,0.731236121498388,0.9,149
6095,health,F,F,0.9,0.7206676639624624,0.9,155
6096,health,B,A,0.9,0.7322411368469973,0.9,147
6097,health,D,C,0.95,0.8224778307405424,0.95,127
6098,health,D,E,0.95,0.8232805735929362,0.0,161
6099,health,D,D,0.95,0.8161650410851917,0.95,80
6100,health,J,J,1.0,0.7537608792932179,1.0,173
6101,health,G,D,1.0,0.8345047497894934,0.0,88
6102,health,C,C,0.95,0.8105992910250666,0.95,59
6103,health,A,A,0.95,0.8097515710463532,0.95,60
6104,health,E,E,0.95,0.875877256701827,0.8,100
6105,health,B,A,1.0,0.7787684193239772,0.0,339
6106,health,A,B,0.95,0.8242341833333142,0.9,90
6107,health,D,H,0.85,0.6508336770432875,0.725,634
6108,health,B,C,0.5,0.7827545076103541,0.7,92
6109,health,E,D,0.95,0.875924497619102,0.0,76
6110,health,H,C,0.9,0.7460389805490768,0.9,96
6111,health,E,E,0.9,0.812964750006971,0.9,81
6112,health,I,I,0.95,0.8317729284886509,0.85,65
6113,health,A,A,0.95,0.8385563440099173,0.95,62
6114,health,B,B,0.9,0.7525015811439769,0.9,120
6115,health,G,G,0.9,0.7233071276521189,0.8,56
6116,health,C,B,0.9,0.8250555833395936,0.9,87
6117,health,A,A,0.95,0.7965875560079436,0.95,73
6118,health,D,D,0.95,0.7506950430236243,0.95,114
6119,health,A,A,0.95,0.852256374453739,0.95,249
6120,health,E,A,0.95,0.686686970590642,0.95,164
6121,health,H,D,0.9,0.7645230938657751,0.9,98
6122,health,I,D,0.95,0.8236915965553904,0.0,72
6123,health,C,H,0.9,0.776153243647746,0.9,67
6124,health,B,E,0.85,0.7116948282249972,0.2,123
6125,health,C,A,0.9,0.7914413977137532,0.9,44
6126,health,C,J,0.85,0.7860309271448439,0.85,65
6127,health,C,C,0.85,0.7978923280812084,0.85,65
6128,health,B,E,0.95,0.722023765184915,0.95,165
6129,health,F,D,0.9,0.7652093529467544,0.7,67
6130,health,A,C,0.8,0.6838764595558413,0.8,94
6131,health,I,C,0.95,0.8532593679083225,0.0,101
6132,health,C,C,0.9,0.7663532728245079,0.9,91
6133,health,D,D,0.9,0.8026698524481677,0.9,103
6134,health,F,C,0.97,0.883023034606356,0.9,61
6135,health,I,E,0.95,0.7271206208692538,0.8,75
6136,health,B,C,0.75,0.7369183768494255,0.8,118
6137,health,D,G,0.9,0.8554258774229592,0.9,382
6138,health,J,A,0.9,0.8240650189717217,0.9,78
6139,health,D,D,0.95,0.8882493017039508,0.95,105
6140,health,G,H,0.75,0.7997008841716037,0.75,69
6141,health,C,C,1.0,0.9166575782488807,1.0,72
6142,health,I,I,0.95,0.8350468849886656,0.95,128
6143,health,G,C,0.95,0.7246138286975002,0.8,136
6144,health,C,F,0.9,0.7752951495938324,0.7,158
6145,health,D,D,0.9,0.8240581197454661,0.9,144
6146,health,D,C,0.85,0.785351049170846,0.85,65
6147,health,F,F,0.9,0.6867575146578772,0.9,134
6148,health,B,B,1.0,0.7798052343591865,1.0,166
6149,health,F,H,0.9,0.7536597755744331,0.8,219
6150,health,H,H,0.9,0.7147593727147069,0.9,101
6151,health,J,J,0.95,0.7388087946408181,0.95,234
6152,health,D,D,0.95,0.8190072613421091,0.8,144
6153,health,C,A,0.75,0.7090644286595896,,1067
6154,health,G,G,0.95,0.6792353054616622,0.7,117
6155,health,A,A,0.9,0.8176999816891782,0.9,113
6156,health,C,C,0.95,0.7418189785263715,0.95,85
6157,health,D,C,0.9,0.7511272067915219,0.7,111
6158,health,G,G,0.95,0.818982346245645,0.95,78
6159,health,I,I,0.95,0.8426206504550662,0.95,71
6160,health,G,E,0.95,0.7796683644947807,0.6,90
6161,health,A,B,0.6,0.6882106272970865,0.6,94
6162,health,E,E,0.95,0.6916395495130881,0.4,103
6163,health,G,G,0.95,0.7529303767208069,0.9,78
6164,health,A,I,0.9,0.784324733282985,0.4,82
6165,health,J,J,0.9,0.7320224429308742,0.9,111
6166,health,H,I,0.95,0.7966386364435176,0.9,97
6167,health,H,H,0.95,0.8113306382495303,0.95,55
6168,health,I,I,1.0,0.8330913493675285,1.0,65
6169,health,B,G,1.0,0.9282213537880811,0.0,77
6170,health,C,C,0.9,0.7747149369806274,0.9,132
6171,health,C,A,0.9,0.7388199620098191,0.9,54
6172,health,D,H,0.9,0.7412979091302254,0.9,105
6173,health,F,F,0.95,0.7825645751257517,0.95,138
6174,health,H,E,0.95,0.7744966367498513,0.95,74
6175,health,D,D,0.95,0.6904630535864464,0.95,199
6176,health,J,C,0.8,0.7171207868021123,0.7,85
6177,health,F,F,0.95,0.8055840048443786,0.95,52
6178,health,D,F,0.9,0.7822474927159588,0.9,45
6179,health,G,H,0.7,0.6900185789569945,0.7,106
6180,health,F,C,0.95,0.8481231188612776,0.9499999999999998,141
6181,health,E,E,0.95,0.7337501034461229,0.95,214
6182,health,F,F,1.0,0.8766389294119076,1.0,84
6183,health,J,J,0.9,0.8090034876808991,0.9,169
6184,health,C,C,0.95,0.7781790667651717,0.95,61
6185,health,B,G,0.9,0.8368729465581498,0.4,100
6186,health,E,E,1.0,0.8383526775215119,1.0,88
6187,health,C,E,0.9,0.8143152256680405,0.8,90
6188,health,H,G,0.95,0.7355364177573378,0.7,89
6189,health,J,D,0.95,0.7714051062708008,0.95,117
6190,health,F,C,0.99,0.7476403914576987,0.4,237
6191,health,D,D,0.95,0.8146340359993797,0.95,66
6192,health,D,C,0.95,0.825413337588713,0.95,96
6193,health,A,A,0.95,0.8683074121569141,0.95,122
6194,health,H,H,0.9,0.8055135812900245,0.9,113
6195,health,E,E,0.95,0.8389566186052616,0.95,92
6196,health,D,H,0.95,0.8211815323156338,0.4,250
6197,health,G,F,0.95,0.6959317055102449,0.95,264
6198,health,G,I,0.9,0.743732425244095,0.9,154
6199,health,H,H,0.9,0.7140388955608619,0.9,155
6200,health,A,A,0.95,0.8029021313538224,0.95,113
6201,health,A,A,1.0,0.8137841355000529,0.95,160
6202,health,B,B,0.9,0.8548750316849644,0.9,148
6203,health,C,C,0.9,0.7567052459375065,0.9,69
6204,health,B,B,0.9,0.8205511033591751,0.9,98
6205,health,C,G,0.9,0.7944494540066114,0.0,99
6206,health,D,D,0.95,0.8552150170257439,0.95,52
6207,health,J,J,0.95,0.7345839188361628,0.9,87
6208,health,G,G,0.9,0.8052373249246522,0.9,88
6209,health,I,I,0.95,0.7773742646436816,0.95,108
6210,health,G,G,0.9,0.7749374688266004,0.9,90
6211,health,B,B,0.95,0.8078898099177068,0.95,110
6212,health,E,E,0.95,0.7766152498433916,0.95,115
6213,health,D,A,0.85,0.6815867269542889,0.85,169
6214,health,D,D,0.9,0.7423410260279405,0.9,121
6215,health,B,B,0.95,0.774420276487115,0.95,173
6216,health,D,D,0.95,0.9008388674010307,0.95,34
6217,health,F,F,0.95,0.9032859516228428,0.95,34
6218,health,A,A,0.95,0.7316735744564971,0.8,490
6219,health,G,B,0.0,0.8054503462364814,0.7,371
6220,health,C,C,0.65,0.7173203499599291,0.65,141
6221,health,D,H,0.9,0.82629551461158,0.7,92
6222,health,H,D,0.9,0.8213030384466586,0.7,94
6223,health,J,C,0.95,0.8221396898973636,0.95,63
6224,health,A,A,0.9,0.8190163570675163,0.9,74
6225,health,J,J,0.9,0.8226243399889204,0.9,184
6226,health,A,A,0.95,0.8643903808850509,0.95,61
6227,health,C,B,0.95,0.798549897304561,0.95,92
6228,health,B,B,0.95,0.7573945078782975,0.95,529
6229,health,H,F,0.9,0.7651141444073516,0.9,164
6230,health,J,J,0.98,0.7040941217785774,0.8,235
6231,health,D,D,0.95,0.8824670726683498,0.95,37
6232,health,C,C,0.9,0.7652079447386454,0.9,139
6233,health,A,I,0.7,0.7396007888632324,0.0,79
6234,health,F,E,0.95,0.731714365908197,0.95,70
6235,health,B,B,0.95,0.8411447488451671,1.0,69
6236,health,G,G,1.0,0.8425214497764703,1.0,69
6237,health,D,D,0.95,0.8296728949253045,0.95,47
6238,health,H,I,0.8,0.837267346363892,0.8,79
6239,health,H,H,0.95,0.7252062812490897,0.95,191
6240,health,A,H,0.85,0.757064197107715,0.8,75
6241,health,A,G,0.85,0.81198875240058,0.85,61
6242,health,G,D,0.85,0.7233391680089145,0.4,109
6243,health,J,C,0.85,0.7040437830971266,0.85,116
6244,health,F,G,0.9,0.7184743111886821,0.6,93
6245,health,B,D,0.9,0.801892610251622,0.8,78
6246,health,I,I,0.8,0.7190945639851178,0.8,168
6247,health,C,F,0.85,0.8011788541108066,0.85,51
6248,health,A,D,0.85,0.7660658728823925,0.7,71
6249,health,C,C,0.8,0.7577428341767966,0.8,64
6250,health,B,J,1.0,0.6390861481802588,0.0,66
6251,health,E,H,0.8,0.8649492680596693,0.8,55
6252,health,J,E,1.0,0.8736918332194022,1.0,125
6253,health,F,F,1.0,0.8641404319878785,1.0,67
6254,health,H,H,0.9,0.8147549660266153,0.9,80
6255,health,B,I,0.9,0.888014717030061,0.9,76
6256,health,H,E,1.0,0.7852098297159549,1.0,131
6257,health,D,C,0.9,0.7020248356868668,0.4,99
6258,health,I,E,0.9,0.8304208474553423,0.9,111
6259,health,G,E,1.0,0.8210763028928233,0.0,124
6260,health,C,B,0.9,0.8631315804864883,0.9,71
6261,health,B,E,0.85,0.7558435281891933,0.85,87
6262,health,D,D,0.95,0.874145729296269,0.95,103
6263,health,G,G,0.95,0.8541842743104262,0.95,91
6264,health,B,B,0.95,0.8376136309979818,0.95,66
6265,health,G,B,0.85,0.8104989824053774,0.85,136
6266,health,J,A,0.85,0.7659614769883247,0.85,134
6267,health,D,G,0.95,0.826376565178738,0.95,89
6268,health,F,F,0.95,0.7985601440074027,0.95,160
6269,health,G,H,0.95,0.8014984236418491,0.4,123
6270,health,B,E,0.95,0.8139114920169606,0.0,152
6271,health,G,G,0.95,0.8961237521949055,0.95,62
6272,health,A,A,0.95,0.8247917310021792,0.95,103
6273,health,D,D,0.95,0.8443476625243881,0.95,134
6274,health,D,D,0.9,0.8173175813329688,0.9,102
6275,health,C,D,0.85,0.8089785436255068,0.85,140
6276,health,E,F,0.9,0.8236717043858757,0.9,88
6277,health,I,I,0.95,0.781285924908368,0.95,109
6278,health,F,J,0.95,0.7683471382114947,0.95,159
6279,health,B,B,0.95,0.8146296617996536,0.95,80
6280,health,J,H,0.9,0.7823961806905221,0.9,96
6281,health,I,B,0.95,0.7391115341424871,0.95,101
6282,health,H,G,0.95,0.8426247005645616,0.95,101
6283,health,E,E,0.95,0.8135892758507225,0.9,117
6284,health,F,F,0.9,0.8373670795869024,0.9,64
6285,health,G,B,0.9,0.8542291530471078,0.9,68
6286,health,E,G,0.95,0.8863773036912088,0.0,76
6287,health,J,H,0.95,0.9200646898294681,0.0,65
6288,health,F,D,0.95,0.7409141488164436,0.95,83
6289,health,J,J,0.8,0.846106959847452,0.8,120
6290,health,B,A,0.85,0.7363170403458295,0.85,151
6291,health,E,A,0.6,0.8414951497962088,0.0,311
6292,health,F,C,0.95,0.9329732057025164,1.0,80
6293,health,E,H,0.85,0.7540367386059329,0.85,432
6294,health,B,B,0.9,0.7553805453700452,0.9,141
6295,health,I,E,0.95,0.8707569706603174,0.2,60
6296,health,A,A,0.95,0.7112044272962983,0.96,325
6297,health,D,D,1.0,0.7952650167986995,0.9,126
6298,health,G,J,0.9,0.8095241716916618,0.0,101
6299,health,F,F,0.8,0.806671338992632,0.8,75
6300,health,D,D,0.95,0.6667712613909745,0.95,213
6301,health,C,B,0.95,0.7562147157180168,0.95,116
6302,health,D,D,0.95,0.7922535238288693,0.95,64
6303,health,B,E,0.92,0.8256182061866032,0.0,139
6304,health,H,H,0.85,0.8758481070181448,0.85,34
6305,health,H,I,0.9,0.7263948274001573,0.9,180
6306,health,D,J,0.95,0.7878327732237534,0.475,48
6307,health,E,G,0.9,0.7585553187333823,0.0,94
6308,health,C,G,0.85,0.6671779504720331,0.85,144
6309,health,H,C,0.9,0.7512629856056608,0.7,153
6310,health,D,D,0.9,0.8087601623489669,0.9,101
6311,health,F,I,1.0,0.7973971512041097,1.0,159
6312,health,F,E,0.95,0.8209944986071458,0.4,92
6313,health,C,C,0.95,0.8716590074177444,0.95,79
6314,health,C,C,0.99,0.9045470572130336,0.99,83
6315,health,E,J,0.8,0.7277023981177235,0.0,224
6316,health,G,E,0.95,0.804616620483054,0.7,156
6317,health,E,E,0.95,0.8566045528598275,0.95,59
6318,health,E,B,0.95,0.871648752775459,0.7,95
6319,health,F,B,1.0,0.8841030469736905,0.0,66
6320,health,F,F,0.95,0.8613570927919457,0.95,80
6321,health,E,I,1.0,0.8421886563284731,1.0,128
6322,health,G,H,0.95,0.8524921742358307,0.95,68
6323,health,B,B,0.85,0.7545255918463243,0.85,201
6324,health,B,G,0.95,0.7733664108519025,0.9,161
6325,health,C,C,0.95,0.8032121556054823,0.95,161
6326,health,D,A,0.95,0.7626394686766287,1.0,601
6327,health,G,A,0.85,0.7250764286389976,0.85,115
6328,health,F,I,0.9,0.7907135752937697,0.9,91
6329,health,D,D,0.9,0.7690266143001095,0.9,92
6330,health,H,H,0.95,0.7597868220691194,0.95,96
6331,health,B,A,0.9,0.78096121719042,0.9,93
6332,health,C,B,0.85,0.7569424909484649,0.85,74
6333,health,H,C,0.85,0.6964835327797902,0.85,55
6334,health,A,A,0.85,0.7918409731768876,0.85,81
6335,health,A,A,0.95,0.9040836063673203,1.0,101
6336,health,C,C,0.95,0.7955581929675941,0.95,102
6337,health,B,B,0.95,0.7543288658781165,0.95,133
6338,health,G,C,0.8,0.657546713571302,0.8,628
6339,health,C,C,0.9,0.7664555630637478,0.9,191
6340,health,I,E,0.9,0.8150631715638942,0.9,96
6341,health,A,B,0.9,0.7692764356737692,0.0,95
6342,health,E,F,0.95,0.8434656938488658,0.95,100
6343,health,G,J,0.9,0.7962114502261571,0.9,107
6344,health,I,H,0.95,0.7695688089748455,0.95,122
6345,health,E,E,0.92,0.8266384551564852,0.92,90
6346,health,C,C,1.0,0.8781455973942235,1.0,75
6347,health,I,H,0.95,0.8173680723894879,0.4,86
6348,health,J,H,0.95,0.8119177862799378,0.95,129
6349,health,C,C,0.95,0.8333362159901927,0.9,149
6350,health,G,G,0.95,0.8396277373426974,0.95,239
6351,health,B,F,0.9,0.7801983910805195,0.9,107
6352,health,B,B,0.9,0.7732152727068429,0.9,115
6353,health,F,J,0.9,0.830324848043084,0.6,131
6354,health,B,B,0.98,0.7513207997332745,0.98,59
6355,health,C,B,0.95,0.7705911275671149,0.95,167
6356,health,D,I,0.95,0.7388167280804406,0.95,84
6357,health,C,C,0.95,0.9165891356360499,0.95,39
6358,health,F,B,0.9,0.7672370352415989,0.4,113
6359,health,G,I,0.95,0.6802031534216458,0.95,177
6360,health,F,A,1.0,0.8634229460403631,1.0,124
6361,health,H,H,0.9,0.7088212541130287,0.9,92
6362,health,J,H,0.85,0.8573972355739169,0.85,57
6363,health,C,C,0.95,0.8692893491679912,0.95,53
6364,health,I,I,0.95,0.8767142225347812,0.95,82
6365,health,F,F,0.95,0.8681792224241646,0.95,88
6366,health,J,I,0.85,0.7657442114217469,0.2,98
6367,health,A,I,0.85,0.735153036041611,0.85,104
6368,health,H,H,0.9,0.8226148874075861,0.9,96
6369,health,E,D,0.9,0.8188116465521104,0.8,76
6370,health,G,G,0.9,0.7994184601822523,0.9,97
6371,health,J,F,0.95,0.816635979083351,0.75,140
6372,health,E,E,0.95,0.8072415667321425,0.95,59
6373,health,B,B,0.95,0.7563474515425973,0.95,179
6374,health,I,B,0.95,0.8556608694216112,0.0,98
6375,health,E,F,0.85,0.7731421501872386,0.85,93
6376,health,D,D,0.95,0.8057655387057356,0.95,140
6377,health,F,F,0.9,0.7245044041913918,0.9,172
6378,health,E,E,0.9,0.7728272568137509,0.9,159
6379,health,E,,0.9,0.6846057523653665,0.9,332
6380,health,B,I,0.9,0.7646099762433383,0.8,208
6381,health,B,G,0.95,0.8581803092033512,0.95,76
6382,health,B,B,0.95,0.7891312484929951,0.95,143
6383,health,E,E,0.9,0.8450432132161726,0.9,238
6384,health,H,H,0.95,0.8426867970930751,0.95,117
6385,health,C,C,0.95,0.7919197746201009,0.95,64
6386,health,G,F,0.9,0.7465200118945127,0.9,139
6387,health,D,D,0.9,0.8756306930152765,0.9,59
6388,health,A,A,0.85,0.7981942863830629,0.85,100
6389,health,G,G,0.9,0.7381582339207244,0.9,62
6390,health,A,A,1.0,0.9183991530229572,1.0,119
6391,health,I,I,0.95,0.9151782122386086,1.0,123
6392,health,D,F,0.85,0.781884799015489,0.85,174
6393,health,B,I,0.9,0.8420639756905606,0.4,88
6394,health,J,J,0.9,0.8017649952226442,0.9,100
6395,health,A,A,0.9,0.8128452276610916,0.9,98
6396,health,F,B,0.8,0.7825183118597987,0.4,95
6397,health,G,,0.9,0.7648607031165388,0.9,91
6398,health,G,G,0.95,0.7323497711440089,0.95,194
6399,health,B,H,0.9,0.7513295157075012,0.9,79
6400,health,D,C,0.95,0.7778438271701635,0.95,161
6401,health,J,H,1.0,0.7302088024439631,1.0,136
6402,health,B,C,0.95,0.7435514950218552,0.95,65
6403,health,F,B,0.85,0.7596237009565247,0.95,434
6404,health,A,A,0.95,0.9238722465631113,0.95,68
6405,health,A,A,1.0,0.9109589813109864,0.95,205
6406,health,A,C,0.9,0.812056236230991,0.4,131
6407,health,D,C,0.95,0.8411135764021836,0.95,137
6408,health,G,B,0.5,0.7561360913764853,0.5,197
6409,health,G,E,0.75,0.6453539941020321,0.75,190
6410,health,J,A,0.85,0.6736765065899757,0.85,160
6411,health,A,A,0.95,0.8220554724444507,0.95,124
6412,health,A,A,0.95,0.851732184528578,0.95,58
6413,health,A,A,1.0,0.8486843007039435,1.0,81
6414,health,H,J,0.85,0.8205614364787509,0.4,140
6415,health,E,A,0.95,0.7951795487329183,0.0,102
6416,health,A,D,0.99,0.8498775094480594,0.95,827
6417,health,H,C,0.7,0.7938957483927944,0.4,73
6418,health,E,F,0.95,0.7493297989333674,0.95,96
6419,health,E,E,0.95,0.8396770683405005,0.95,84
6420,health,J,H,0.9,0.8181360330220084,0.0,97
6421,health,C,C,0.9,0.8395197090453467,0.5,81
6422,health,F,F,0.9,0.8292800923296946,0.9,85
6423,health,F,F,0.95,0.8455207943506868,0.95,72
6424,health,A,A,0.95,0.8081295048226075,0.95,100
6425,health,J,J,0.75,0.6967139417185234,0.75,291
6426,health,E,E,1.0,0.8527701914540674,1.0,148
6427,health,J,E,0.95,0.8332230729608885,0.95,102
6428,health,G,I,0.8,0.6399106491348924,0.0,78
6429,health,A,D,0.9,0.7292213391461934,0.9,63
6430,health,A,C,0.75,0.7666247580503921,0.75,200
6431,health,D,D,0.85,0.6513494848487766,0.6,144
6432,health,B,B,0.95,0.846470441948166,0.95,48
6433,health,E,C,0.9,0.6544673036970379,0.9,149
6434,health,I,G,1.0,0.8191172731420163,1.0,76
6435,health,G,C,0.05,0.7542409091432066,0.7,486
6436,health,I,G,0.9,0.8918120479242593,0.8,88
6437,health,J,J,0.95,0.8473402736955242,0.95,50
6438,health,F,H,0.97,0.7863943301582736,0.97,62
6439,health,A,A,0.95,0.8732033300282557,0.95,89
6440,health,C,D,0.8,0.8077539155554068,0.7,59
6441,health,C,C,0.9,0.8529119488746078,0.9,103
6442,health,E,E,1.0,0.8798928035160545,1.0,66
6443,health,A,A,0.9,0.719629017089548,0.9,236
6444,health,F,E,0.9,0.8392921732446327,0.9,133
6445,health,B,C,0.85,0.688058941262728,0.85,149
6446,health,E,I,0.9,0.7778497101035379,0.7,128
6447,health,J,J,0.9,0.7480676501666707,0.9,161
6448,health,I,I,0.95,0.7734604618140994,0.95,95
6449,health,F,F,0.95,0.7635919833948693,0.95,113
6450,health,E,E,0.9,0.687378594100239,0.9,253
6451,health,D,E,0.95,0.7026324398620315,0.95,139
6452,health,D,B,0.9,0.831466640418448,0.9,72
6453,health,E,H,0.9,0.7983360891661935,0.9,63
6454,health,F,D,0.9,0.8004899409154711,0.9,63
6455,health,A,A,0.95,0.7502025146818088,0.95,203
6456,health,E,E,0.95,0.6896561354914101,0.95,220
6457,health,J,J,1.0,0.7481746531734638,0.95,149
6458,health,C,C,0.95,0.724377722406319,0.95,318
6459,health,C,C,0.95,0.7678307264923023,0.95,80
6460,health,E,E,0.95,0.8205475324226128,0.95,124
6461,health,I,D,0.9,0.7805818670130465,0.0,84
6462,health,B,B,0.9,0.8175805698820227,0.9,111
6463,health,D,B,0.9,0.8062675144218298,0.7,45
6464,health,E,C,0.9,0.7262122114232268,0.0,142
6465,health,A,A,0.95,0.7806983420432181,0.95,72
6466,health,I,E,0.95,0.7406723208636705,0.95,216
6467,health,H,C,1.0,0.8698307496910959,1.0,197
6468,health,E,D,0.9,0.766082820245798,0.4,102
6469,health,I,D,0.9,0.7193747194419332,0.9,100
6470,health,F,A,0.95,0.8066588031459161,0.95,59
6471,health,B,C,0.7,0.7572034449706831,0.7,65
6472,health,C,B,0.95,0.8595835368244082,0.0,187
6473,health,B,B,1.0,0.8172032141223066,1.0,47
6474,health,B,G,0.95,0.6893982428817116,0.95,148
6475,health,C,B,0.9,0.7748436366921435,0.9,65
6476,health,A,B,0.95,0.6952694102694196,0.95,135
6477,health,E,E,0.95,0.808666897423985,0.95,134
6478,health,I,I,0.8,0.7593642070358093,0.8,87
6479,health,E,E,0.95,0.812459850091705,0.95,81
6480,health,H,J,0.7,0.8471818398576694,0.7,180
6481,health,B,B,0.95,0.793367365490832,0.95,89
6482,health,B,B,0.9,0.7732134635485951,0.9,134
6483,health,B,B,0.95,0.8481649428784303,0.95,59
6484,health,B,B,0.95,0.8391849161057967,0.95,67
6485,health,H,H,1.0,0.8961030942647787,1.0,47
6486,health,D,D,0.9,0.8378594736489037,0.7,53
6487,health,E,A,0.95,0.8396479870013802,0.95,54
6488,health,H,H,0.9,0.7946134529152611,0.9,92
6489,health,D,D,0.9,0.757248674790792,0.9,112
6490,health,D,D,0.95,0.8818431253004418,0.95,75
6491,health,G,D,0.95,0.7075929913972178,0.0,64
6492,health,C,B,0.95,0.7950872285515336,0.4,50
6493,health,B,B,1.0,0.8627510776229544,1.0,74
6494,health,G,B,0.9,0.7532094364193913,0.4,116
6495,health,A,E,0.97,0.8117084320988551,0.97,59
6496,health,F,F,0.95,0.8219705577308049,0.95,91
6497,health,J,J,1.0,0.8576651507559657,1.0,102
6498,health,D,D,0.95,0.8428246316421665,0.95,98
6499,health,I,H,0.9,0.6966633258275059,0.9,124
6500,health,C,C,0.95,0.8251498622627189,0.95,127
6501,health,I,H,0.95,0.8648966414422092,0.8,67
6502,health,F,F,0.9,0.818337385014509,0.9,100
6503,health,E,E,0.9,0.7429593300209091,0.9,234
6504,health,D,D,0.85,0.7649715540094121,0.85,278
6505,health,A,H,0.95,0.7670290109267882,0.4,197
6506,health,G,G,0.85,0.829439564732502,0.85,56
6507,health,D,D,0.95,0.6636371621631149,,1547
6508,health,A,A,0.95,0.8063936839471861,0.95,123
6509,health,I,C,0.9,0.8024152082941253,0.9,201
6510,health,E,J,0.9,0.781830385937252,0.9,88
6511,health,C,C,0.95,0.8481912049311966,0.95,59
6512,health,D,D,0.95,0.7544393009426403,0.95,213
6513,health,E,E,0.95,0.8736188105697295,0.95,84
6514,health,J,H,0.9,0.8565686233165691,0.7,68
6515,health,I,I,0.9,0.8057198460687173,0.9,131
6516,health,H,H,0.9,0.7100399389707843,0.9,208
6517,health,H,A,0.95,0.7757886833107746,0.95,75
6518,health,J,G,0.9,0.7883239196121056,0.9,80
6519,health,D,C,0.95,0.8921267677068917,0.95,95
6520,health,B,I,0.9,0.7545061358254248,0.9,211
6521,health,J,F,0.9,0.7139016401511842,0.9,118
6522,health,B,B,0.85,0.8390772967599601,0.85,62
6523,health,D,D,0.9,0.7884774100311617,0.9,63
6524,health,A,A,0.95,0.8164494551833406,0.95,94
6525,health,A,C,0.9,0.8155889696292874,0.8,108
6526,health,J,H,0.9,0.7424553333186856,0.9,255
6527,health,I,I,0.95,0.8632976285103767,0.95,90
6528,health,B,C,0.95,0.8021582930078994,0.95,85
6529,health,C,F,0.85,0.7748179777045933,0.85,65
6530,health,F,B,0.95,0.7569344919009772,0.0,88
6531,health,F,G,0.85,0.6543084884967464,0.85,164
6532,health,F,E,1.0,0.8245481706712076,0.0,153
6533,health,F,F,0.95,0.7911230822660023,0.95,94
6534,health,I,I,0.95,0.8527313815408714,0.95,85
6535,health,I,I,1.0,0.8546396369054747,1.0,72
6536,health,E,E,0.98,0.805962885060155,0.98,181
6537,health,D,A,0.85,0.7329211116580623,0.85,92
6538,health,I,H,0.92,0.7034372999576053,0.85,350
6539,health,A,A,0.95,0.8045269831030132,0.95,126
6540,health,H,F,0.9,0.8621068332702372,0.8,81
6541,health,G,G,0.9,0.7435436891694618,0.9,81
6542,health,F,F,0.9,0.8491250437878187,0.9,85
6543,health,I,I,0.95,0.7244158548671237,0.95,143
6544,health,E,F,0.9,0.7837113858383067,0.9,281
6545,health,C,C,1.0,0.903227209408861,1.0,90
6546,health,C,I,0.9,0.8071597126361082,0.5666666666666668,69
6547,health,E,F,0.95,0.8080091783883948,0.95,50
6548,health,A,D,0.85,0.7622111535002767,0.6,64
6549,health,A,H,0.95,0.8696431587764393,0.9,63
6550,health,D,A,0.9,0.8033845114810246,0.9,50
6551,health,C,C,0.95,0.7005387994043878,0.4,108
6552,health,G,G,0.95,0.843821462245959,0.9,82
6553,health,B,B,1.0,0.8488719009419861,0.95,191
6554,health,E,E,1.0,0.8703957800016416,1.0,82
6555,health,I,C,0.95,0.7990748239192542,0.0,124
6556,health,B,B,0.95,0.7793029037861761,0.95,264
6557,health,A,E,0.95,0.8341334563061108,0.4,121
6558,health,C,I,0.85,0.8041679134290305,0.85,93
6559,health,H,G,0.8,0.8367979793568648,0.8,110
6560,health,B,B,0.9,0.7903346706131917,0.9,74
6561,health,A,A,0.9,0.7234536741529223,0.9,121
6562,health,D,E,0.9,0.7498949472515202,0.0,200
6563,health,F,B,0.9,0.8649920924668116,0.0,197
6564,health,I,F,0.95,0.8930519269469436,0.95,152
6565,health,G,G,0.9,0.7742662010212259,0.9,80
6566,health,F,D,0.8,0.7727408653719905,0.7,242
6567,health,D,D,0.85,0.8378023431160898,0.85,56
6568,health,C,C,0.95,0.8831120311647154,0.95,37
6569,health,B,B,0.7,0.7536561898334465,0.0,107
6570,health,H,H,0.9,0.8079552313857025,0.9,75
6571,health,I,I,0.9,0.7431776123876903,0.9,92
6572,health,E,E,0.95,0.7359831617079909,0.95,86
6573,health,J,H,0.95,0.8368758089824965,0.95,53
6574,health,G,B,0.95,0.7847687132026051,0.4,242
6575,health,E,C,0.95,0.8706468087508534,0.95,103
6576,health,I,E,0.9,0.8884654298627732,0.25,94
6577,health,H,H,0.85,0.768446745184363,0.85,92
6578,health,C,C,0.9,0.7611043317715018,0.9,110
6579,health,B,D,1.0,0.8062781681419198,0.0,84
6580,health,F,F,0.95,0.892843210379186,0.95,66
6581,health,A,I,0.5,0.7370457324523645,0.5,103
6582,health,D,C,0.9,0.8514609090571199,0.8,93
6583,health,D,C,0.95,0.7639479544639649,0.95,251
6584,health,B,B,0.95,0.8073247369208478,0.95,103
6585,health,J,J,0.9,0.7934930806077739,0.9,94
6586,health,G,G,0.9,0.782716494203944,0.9,122
6587,health,I,E,0.95,0.7163640309724455,0.3,121
6588,health,B,B,0.95,0.8136186788052042,0.95,60
6589,health,A,A,0.95,0.8260140911098464,0.95,65
6590,health,J,F,0.95,0.8481278759875988,0.95,81
6591,health,G,F,0.85,0.7685233056623643,0.2,184
6592,health,A,A,0.95,0.8309756554005739,0.95,114
6593,health,I,I,0.9,0.7374902061374762,0.9,279
6594,health,I,E,0.95,0.7834187157491715,0.95,223
6595,health,G,G,0.95,0.8130170844796981,0.95,93
6596,health,I,I,0.85,0.7848098455129274,0.95,57
6597,health,G,G,1.0,0.7125054121265596,0.95,388
6598,health,B,D,0.95,0.7758260472235224,0.95,98
6599,health,A,C,0.95,0.8093926263750927,0.95,110
6600,health,A,A,0.95,0.8748056060105489,0.95,55
6601,health,E,E,0.95,0.8667331918817325,0.95,82
6602,health,A,A,0.95,0.809062011319489,0.95,169
6603,health,B,F,0.95,0.7967351409496283,0.8,83
6604,health,I,I,0.9,0.7400675159414296,0.7,99
6605,health,D,A,0.85,0.7161942366006199,0.85,179
6606,health,G,G,0.85,0.7307584558929636,0.85,136
6607,health,H,H,0.85,0.7860079774204293,0.8,57
6608,health,E,C,0.95,0.8817677425473003,0.0,75
6609,health,A,A,1.0,0.8622138131912165,1.0,71
6610,health,F,F,0.9,0.7773480383538256,0.9,90
6611,health,E,E,0.95,0.813847272937552,0.95,58
6612,health,C,G,0.85,0.7460183061369118,0.85,158
6613,health,I,I,1.0,0.829854635615622,1.0,95
6614,health,J,D,0.8,0.7172856607541411,0.8,85
6615,health,E,D,0.5,0.7075232691517623,0.7562500000000001,468
6616,health,E,E,0.95,0.7350762663487358,0.95,114
6617,health,G,G,0.88,0.7623966372639499,0.8,59
6618,health,H,D,0.85,0.7300292268573474,0.85,246
6619,health,B,B,0.85,0.789947882817065,0.85,107
6620,health,B,C,0.95,0.7313233748336863,0.95,311
6621,health,A,,1.0,0.8124486509631467,0.4,291
6622,health,A,A,0.9,0.8594358568284098,0.9,92
6623,health,H,C,0.95,0.6742932970641988,0.95,178
6624,health,A,F,0.95,0.7833451622384322,0.95,180
6625,health,B,H,0.95,0.8179198773994966,0.95,162
6626,health,A,G,0.9,0.8328445146998898,1.0,120
6627,health,B,B,0.95,0.729552920127863,0.95,125
6628,health,H,H,0.95,0.7193514193484818,0.95,188
6629,health,D,D,0.92,0.8349341297286536,0.9,109
6630,health,G,G,0.95,0.8150056977790161,0.95,69
6631,health,E,E,1.0,0.8150416171097193,1.0,116
6632,health,J,J,0.95,0.8281837403591749,0.95,97
6633,health,H,H,0.95,0.8029185372833227,0.95,154
6634,health,H,C,0.9,0.8392130614495156,0.9,84
6635,health,J,J,1.0,0.7946579190413621,0.95,133
6636,health,A,A,0.95,0.8030371539667408,0.95,87
6637,health,F,F,0.9,0.8038190937694651,0.9,137
6638,health,B,B,0.95,0.8491633784027445,0.95,120
6639,health,F,F,0.95,0.7809294404391731,0.95,121
6640,health,G,J,0.6,0.6975154613335265,0.6,359
6641,health,H,H,0.95,0.856192302331405,0.95,82
6642,health,H,H,0.95,0.8282674929508489,0.95,63
6643,health,J,J,0.95,0.8249101270696004,1.0,63
6644,health,F,J,0.95,0.7810019951243942,0.95,72
6645,health,A,A,0.95,0.750896858557511,0.95,239
6646,health,E,B,0.9,0.8067749356341383,0.0,105
6647,health,C,C,1.0,0.8661681794251974,0.8,119
6648,health,H,H,0.95,0.8393030912065429,0.4,85
6649,health,C,C,1.0,0.7906648306114866,0.95,90
6650,health,C,C,0.95,0.8090338890857568,0.95,105
6651,health,B,I,0.9,0.7519380000241689,0.8,72
6652,health,G,F,1.0,0.8944756985029213,0.0,169
6653,health,C,C,0.95,0.8110030532344982,0.95,78
6654,health,C,J,0.75,0.7717882849322829,0.0,60
6655,health,G,B,0.9,0.7693725709247444,0.9,106
6656,health,C,C,0.95,0.8052741442851907,0.95,75
6657,health,G,G,0.9,0.8024621937165192,0.9,100
6658,health,H,A,0.95,0.8077653264536913,0.95,61
6659,health,C,C,0.95,0.8361243525544274,0.95,106
6660,economics,G,D,0.9,0.6794094623800258,0.0,99
6661,economics,A,I,0.95,0.797603518299277,0.95,98
6662,economics,B,B,0.95,0.8313267293060855,0.95,53
6663,economics,I,I,0.95,0.817459711217959,0.95,84
6664,economics,A,A,0.95,0.8487488972384263,0.95,78
6665,economics,F,F,0.95,0.7406997747378118,0.9,191
6666,economics,B,B,0.95,0.8512072367688952,0.8,56
6667,economics,B,B,0.95,0.8117176907802052,0.95,108
6668,economics,I,H,0.95,0.8091310671208274,0.0,104
6669,economics,E,I,0.8,0.8416408013775829,0.8,66
6670,economics,A,A,1.0,0.8323467405957032,1.0,126
6671,economics,D,D,1.0,0.7869428990407917,1.0,80
6672,economics,D,A,0.95,0.8026433751345908,0.95,54
6673,economics,G,G,0.9,0.7268206689051061,0.9,56
6674,economics,C,A,0.9,0.8243579382244064,0.9,69
6675,economics,A,A,0.95,0.8229933789697172,0.95,84
6676,economics,E,A,0.95,0.8249553626201483,0.95,140
6677,economics,H,B,0.9,0.8281964933917403,0.9,84
6678,economics,D,B,0.9,0.8565281273188469,0.9,92
6679,economics,A,D,0.9,0.7946456869880634,0.9,161
6680,economics,D,,0.95,0.83116789684721,0.95,84
6681,economics,C,C,0.9,0.851622178005449,0.9,57
6682,economics,C,C,0.9,0.75584232937694,0.9,109
6683,economics,A,A,0.85,0.756673881101797,0.95,113
6684,economics,A,B,0.8,0.7488502181410451,0.8,85
6685,economics,C,C,1.0,0.8965710426201716,1.0,103
6686,economics,F,H,0.9,0.7801730677191874,0.8,153
6687,economics,I,I,0.95,0.8396125657881582,0.95,51
6688,economics,C,C,0.9,0.7707093841153957,0.9,78
6689,economics,G,G,0.9,0.8099970211422225,0.9,84
6690,economics,A,A,0.95,0.6756096735452252,0.95,87
6691,economics,C,C,0.9,0.6705490677415475,0.9,80
6692,economics,G,F,0.85,0.7649816531671009,0.8,109
6693,economics,J,B,1.0,0.863228470163939,1.0,173
6694,economics,B,A,0.95,0.8298206592970431,0.7,59
6695,economics,I,B,0.9,0.7228097068263909,0.8,99
6696,economics,G,G,0.95,0.8440726405612059,0.95,58
6697,economics,D,D,0.95,0.8233895247083947,0.8,62
6698,economics,H,A,0.9,0.6545804003741593,0.9,280
6699,economics,G,B,0.95,0.807622035384397,0.95,128
6700,economics,C,C,0.95,0.8544046437502122,0.95,137
6701,economics,E,E,0.9,0.6620163618491872,0.7,97
6702,economics,C,C,0.85,0.853513938528666,1.0,64
6703,economics,B,C,0.9,0.7478288424630734,0.7,159
6704,economics,C,C,0.9,0.753224745143928,0.9,80
6705,economics,C,C,0.95,0.7079038505610386,0.95,158
6706,economics,I,I,1.0,0.8152729077861957,1.0,163
6707,economics,A,B,0.95,0.8306731288137045,0.95,87
6708,economics,A,A,0.95,0.8920375110684885,0.95,46
6709,economics,A,H,0.95,0.8875811451175944,0.95,98
6710,economics,E,E,0.95,0.8079175014289338,0.95,66
6711,economics,C,E,0.95,0.7051776895922778,0.95,173
6712,economics,G,E,0.95,0.7274064657204776,0.95,146
6713,economics,D,D,0.9,0.7819082352627643,0.8,253
6714,economics,G,F,0.8,0.7272857865140375,0.8,115
6715,economics,J,J,0.9,0.7298613299886076,0.9,71
6716,economics,C,F,0.9,0.8726300650522434,0.0,84
6717,economics,C,C,0.9,0.7775520265633051,0.9,121
6718,economics,B,B,0.9,0.8170442448236451,0.9,120
6719,economics,J,H,0.95,0.8449818642728573,0.95,111
6720,economics,I,I,0.95,0.755860682809481,0.95,241
6721,economics,G,,0.95,0.7923282933876782,0.95,166
6722,economics,H,H,0.95,0.8384094542865212,0.95,54
6723,economics,D,H,0.95,0.9163843712956896,0.0,56
6724,economics,D,A,0.9,0.7349204944403915,0.1,189
6725,economics,B,D,1.0,0.9311136237631427,0.0,37
6726,economics,C,D,0.8,0.7133002565608105,0.4,97
6727,economics,F,F,0.9,0.8241415991548905,0.9,56
6728,economics,J,A,1.0,0.8788395963565497,0.5,100
6729,economics,F,C,0.95,0.8163653084935761,0.0,146
6730,economics,B,B,0.95,0.9052120853444166,0.95,57
6731,economics,C,C,0.95,0.8512156391403423,0.95,44
6732,economics,I,C,0.9,0.7809431978333395,0.7,72
6733,economics,C,C,0.95,0.8941697870564155,0.95,60
6734,economics,B,B,0.96,0.7260243848121886,0.955,427
6735,economics,I,I,0.95,0.8155014791332881,0.95,54
6736,economics,D,D,0.85,0.7686445051375171,0.9,146
6737,economics,G,A,0.9,0.7846681380121453,0.9,448
6738,economics,I,B,0.95,0.8429533380243431,0.95,105
6739,economics,E,G,0.95,0.7344274077687792,0.4,146
6740,economics,I,C,0.95,0.8644796459319575,0.0,54
6741,economics,C,B,0.95,0.8395029318299443,0.4,80
6742,economics,C,D,0.95,0.7266191718215952,0.6,289
6743,economics,J,H,0.2,0.7811183078496228,0.2,230
6744,economics,F,C,0.9,0.8615257268797886,0.9,72
6745,economics,B,B,0.85,0.7573236993821802,0.85,130
6746,economics,C,H,1.0,0.8531984102388215,1.0,77
6747,economics,F,E,0.95,0.8570740728874768,0.95,76
6748,economics,C,A,1.0,0.8130075438876271,0.8,126
6749,economics,G,A,0.95,0.8217834069979644,0.7,339
6750,economics,J,A,1.0,0.8103482338736038,0.9,77
6751,economics,A,A,0.8,0.7518464527277463,0.8,65
6752,economics,A,A,0.9,0.7446444950396013,0.9,101
6753,economics,B,B,0.8,0.7082106358708283,0.9,81
6754,economics,A,A,0.9,0.7008644589565767,0.9,99
6755,economics,A,A,0.95,0.8272670145576079,0.95,67
6756,economics,B,F,0.9,0.7983974330080663,1.0,154
6757,economics,A,A,1.0,0.7958642158126507,1.0,139
6758,economics,C,C,0.9,0.7310825652341454,0.9,89
6759,economics,D,D,0.9,0.6320626304910548,0.8,125
6760,economics,E,E,0.9,0.8105151859866656,0.9,49
6761,economics,B,B,0.95,0.8177655218822895,0.95,60
6762,economics,B,A,0.95,0.885380800140345,0.6333333333333333,93
6763,economics,G,G,0.95,0.7628313806374956,0.95,128
6764,economics,C,J,0.9,0.7618254818537348,0.9,94
6765,economics,I,I,0.85,0.784636895431712,0.85,61
6766,economics,C,C,0.92,0.8804784182772871,0.9,225
6767,economics,E,E,0.95,0.8235934066180887,0.95,83
6768,economics,G,G,0.95,0.8640753534236658,0.95,104
6769,economics,E,A,0.95,0.9057639040504195,0.0,68
6770,economics,E,G,0.9,0.8226581439621725,0.9,111
6771,economics,D,D,0.9,0.7838167295481033,0.9,67
6772,economics,H,H,0.95,0.806657697186385,0.95,100
6773,economics,B,G,0.7,0.9068454447130914,0.0,91
6774,economics,J,J,1.0,0.8842623856633527,1.0,57
6775,economics,B,B,0.9,0.6773260682672673,0.9,249
6776,economics,F,F,0.95,0.7070860145990452,0.95,82
6777,economics,A,A,0.95,0.7920733656173802,0.95,160
6778,economics,D,A,0.8,0.7362122791743841,0.8,146
6779,economics,H,H,1.0,0.7666872678358821,1.0,82
6780,economics,I,I,0.9,0.8161544239714382,0.9,79
6781,economics,D,A,0.9,0.789993717820674,0.9,52
6782,economics,H,H,0.95,0.7669025780725105,0.95,88
6783,economics,J,J,0.9,0.7158486264433047,0.9,95
6784,economics,J,J,1.0,0.8814660771581508,1.0,127
6785,economics,F,F,0.95,0.8200872222685943,0.95,73
6786,economics,I,I,0.9,0.7508473833824426,0.9,98
6787,economics,I,I,0.95,0.8919095704776236,0.95,50
6788,economics,G,I,0.95,0.874172853256592,0.0,51
6789,economics,H,I,0.9,0.7480944713978065,0.9,154
6790,economics,C,D,0.8,0.7002464387217592,0.9,1011
6791,economics,B,C,0.95,0.6997979169320665,0.9,111
6792,economics,G,G,0.95,0.7842472033550617,0.95,47
6793,economics,D,A,0.95,0.8684174259869921,0.0,51
6794,economics,E,E,0.9,0.8265941534259993,0.9,75
6795,economics,C,A,1.0,0.8510856169661929,1.0,186
6796,economics,E,C,0.95,0.8067125035201527,0.8,80
6797,economics,F,B,0.95,0.7846704182894889,0.0,105
6798,economics,B,D,1.0,0.7106094214791726,1.0,564
6799,economics,A,A,1.0,0.8978656553809161,1.0,133
6800,economics,C,C,0.95,0.7860276264524407,0.95,113
6801,economics,A,A,0.95,0.8377592010126149,0.7,61
6802,economics,E,D,0.85,0.7289654487931317,0.85,323
6803,economics,B,I,1.0,0.755030607155567,0.8,85
6804,economics,J,C,1.0,0.880979831723288,0.0,52
6805,economics,B,H,0.9,0.7583779633490455,0.5,140
6806,economics,F,C,0.95,0.8492774980969382,0.95,72
6807,economics,A,A,0.95,0.8861022236821228,0.95,71
6808,economics,E,E,0.9,0.8204412857367336,0.9,56
6809,economics,B,B,0.8,0.8034275795670957,0.8,121
6810,economics,I,F,0.95,0.7445501010208436,0.7,144
6811,economics,G,F,0.95,0.7219021674818695,0.6,125
6812,economics,E,I,0.95,0.8316466610972862,0.35,86
6813,economics,G,F,0.95,0.7299763016351132,0.8,176
6814,economics,J,B,0.95,0.7919722201676301,0.95,66
6815,economics,H,D,0.9,0.711404857424261,0.9,133
6816,economics,B,E,0.95,0.8392529728519865,0.0,90
6817,economics,F,J,0.3,0.7540946359619974,0.6,550
6818,economics,B,B,0.9,0.7620043184185077,0.9,88
6819,economics,A,A,0.9,0.8852362092350957,0.9,90
6820,economics,H,H,0.95,0.8555815520236315,0.95,117
6821,economics,E,H,0.9,0.7393062527742909,0.9,77
6822,economics,A,A,0.9,0.785219903150189,0.9,66
6823,economics,D,H,0.9,0.8851767813735817,0.4,57
6824,economics,F,D,0.95,0.7333685574446515,0.4,158
6825,economics,D,D,0.9,0.7712636018708884,0.9,145
6826,economics,F,F,0.95,0.8382906459473337,0.95,112
6827,economics,G,G,1.0,0.8324180930536165,1.0,82
6828,economics,A,A,0.95,0.7751653355877149,0.95,111
6829,economics,F,E,0.9,0.7634851651534093,0.7,130
6830,economics,H,H,1.0,0.903049298060061,1.0,111
6831,economics,A,A,0.9,0.80555605087593,0.9,95
6832,economics,H,C,1.0,0.7983191067352459,1.0,94
6833,economics,C,H,0.95,0.7553788545537006,0.95,79
6834,economics,C,C,0.95,0.791725496021572,0.95,77
6835,economics,A,G,0.9,0.8278506730580418,0.4,176
6836,economics,G,G,0.95,0.8537382025177099,0.95,61
6837,economics,I,I,1.0,0.8533230728750555,1.0,75
6838,economics,J,J,0.9,0.8221746041693699,0.9,71
6839,economics,B,B,0.95,0.8031000023926277,0.95,70
6840,economics,E,E,0.7,0.7329092755287926,0.7,120
6841,economics,D,D,1.0,0.9090210890244097,1.0,109
6842,economics,E,E,0.95,0.8783832119195384,0.95,78
6843,economics,I,H,0.8,0.8387486934852406,0.0,67
6844,economics,B,B,0.95,0.8198880790619748,0.95,84
6845,economics,B,B,0.9,0.744495188688166,0.9,102
6846,economics,B,B,0.95,0.8004810129104983,0.95,61
6847,economics,E,E,0.95,0.7729998629783138,0.8,65
6848,economics,F,F,0.95,0.7460541322958478,0.95,139
6849,economics,H,H,0.9,0.7260757119801086,0.9,221
6850,economics,E,E,0.85,0.7375825807356491,0.85,103
6851,economics,F,F,0.95,0.6418899851498459,0.9,113
6852,economics,J,D,0.95,0.8664096825081284,0.95,47
6853,economics,C,C,0.95,0.7516139319203373,0.95,71
6854,economics,J,J,1.0,0.7679783945494142,0.9,124
6855,economics,C,C,0.95,0.8900907391645183,0.95,38
6856,economics,J,C,0.95,0.8484755278892352,0.0,76
6857,economics,C,C,0.9,0.8557991138123867,0.95,96
6858,economics,E,E,0.95,0.8606254826215576,0.95,63
6859,economics,B,A,0.95,0.8378875624653436,0.0,133
6860,economics,B,B,0.95,0.8224254328650544,0.95,64
6861,economics,A,A,0.95,0.8040244871313713,0.95,47
6862,economics,H,G,0.9,0.8191079089817612,0.4,120
6863,economics,G,C,0.97,0.8640467397534572,0.4,68
6864,economics,C,C,0.95,0.6890199195543185,0.95,123
6865,economics,I,B,1.0,0.8738369843376543,0.8,93
6866,economics,D,J,0.95,0.8280161646514868,0.0,57
6867,economics,H,B,0.95,0.819348858663529,0.95,49
6868,economics,A,F,0.8,0.808560037837801,0.8,66
6869,economics,F,B,1.0,0.8880146229168617,0.0,76
6870,economics,E,E,0.9,0.7770765193765602,0.9,136
6871,economics,I,I,0.95,0.822742195491137,0.95,56
6872,economics,A,A,0.8,0.7930559294361254,0.8,98
6873,economics,H,H,0.95,0.8104756941767818,0.95,121
6874,economics,C,F,0.95,0.7277152424579114,0.9,168
6875,economics,C,E,0.95,0.810168339206657,0.7,170
6876,economics,E,C,0.8,0.7767519487599718,0.8,64
6877,economics,I,C,0.95,0.8390779946659551,0.0,54
6878,economics,F,F,0.9,0.7596848377943554,0.9,97
6879,economics,G,G,0.9,0.7667882893458491,0.8,59
6880,economics,E,A,0.85,0.7066577208453166,0.85,73
6881,economics,B,B,0.95,0.7219379081188216,0.95,150
6882,economics,J,A,0.95,0.8733342208831459,0.95,47
6883,economics,D,D,0.95,0.8378983044877563,0.95,62
6884,economics,G,G,0.9,0.822774616695928,1.0,203
6885,economics,C,J,0.9,0.8143559296629118,0.9,100
6886,economics,C,C,0.9,0.8258596504520795,0.9,59
6887,economics,C,A,0.8,0.8476250409590518,0.9,64
6888,economics,G,D,1.0,0.8425806845924367,0.0,95
6889,economics,A,A,0.9,0.7541565915838868,0.9,86
6890,economics,I,F,0.95,0.760176113779788,0.95,103
6891,economics,A,D,0.9,0.8152245236747895,0.9,89
6892,economics,D,D,0.95,0.8526470332987052,0.95,94
6893,economics,I,C,0.8,0.779286017313186,0.8,143
6894,economics,B,B,0.95,0.8519702360814813,0.95,57
6895,economics,A,A,0.95,0.7725473568792461,0.95,66
6896,economics,J,J,0.95,0.8125425437556388,0.95,107
6897,economics,C,H,0.95,0.8597025674873986,0.95,71
6898,economics,D,E,0.95,0.7914824802208741,0.0,131
6899,economics,C,C,0.95,0.851491264219004,0.95,144
6900,economics,D,D,0.95,0.8508756547729047,0.95,125
6901,economics,F,F,1.0,0.9025315057963054,1.0,120
6902,economics,B,A,1.0,0.7343455923744145,0.9,134
6903,economics,E,B,0.9,0.863586939210926,0.0,134
6904,economics,A,A,0.95,0.7169349155045727,0.95,66
6905,economics,F,J,0.95,0.8668575191529506,0.0,89
6906,economics,J,J,0.95,0.8401602171009627,0.95,70
6907,economics,J,C,0.9,0.7067561495997542,0.8,99
6908,economics,F,F,1.0,0.9183865734005339,1.0,100
6909,economics,F,E,0.8,0.7745531898321308,0.8,66
6910,economics,I,H,0.95,0.7643409534087964,0.95,107
6911,economics,D,D,0.8,0.7820024903882068,0.8,89
6912,economics,J,A,0.9,0.7998600777039051,0.9,72
6913,economics,A,J,0.9,0.7997544868958898,0.3,203
6914,economics,E,B,1.0,0.9171254015818083,0.0,71
6915,economics,E,F,0.95,0.885781084946112,0.4,185
6916,economics,F,F,0.9,0.7847502494627462,0.9,126
6917,economics,B,I,0.75,0.6833338855209856,0.0,78
6918,economics,I,C,0.95,0.8620691085062382,0.95,60
6919,economics,H,H,0.85,0.6912859294533582,0.85,296
6920,economics,J,J,0.95,0.8422281969425521,0.95,92
6921,economics,E,E,0.9,0.6889847352463024,0.9,279
6922,economics,G,G,0.85,0.7636709152982103,0.9,74
6923,economics,B,B,0.8,0.8372091497924361,0.9,65
6924,economics,I,I,0.8,0.7070257042758095,0.8,96
6925,economics,B,B,0.9,0.8156146717003726,0.9,126
6926,economics,F,D,0.9,0.6827675207405838,0.9,233
6927,economics,B,B,0.95,0.8885229054397756,0.95,52
6928,economics,A,A,0.95,0.8202248494389016,0.95,51
6929,economics,F,F,0.9,0.7890459622739235,0.9,96
6930,economics,D,D,0.9,0.7272470646823638,0.7,165
6931,economics,C,D,0.8,0.7740125506259181,0.4,60
6932,economics,F,F,0.9,0.86935167039637,1.0,108
6933,economics,G,G,0.9,0.8385246608324813,0.9,62
6934,economics,J,F,0.95,0.8539124886638568,0.7,63
6935,economics,G,G,0.95,0.8811632470415695,0.8,64
6936,economics,C,A,0.9,0.7546134049154672,0.9,207
6937,economics,B,A,0.95,0.7798587601346042,0.95,79
6938,economics,H,G,0.95,0.7639258602972093,0.6,91
6939,economics,F,F,0.85,0.7029169936962494,0.85,203
6940,economics,I,I,1.0,0.8707812690564489,1.0,75
6941,economics,F,F,0.95,0.848127305135436,0.95,113
6942,economics,G,D,0.9,0.8390851301048343,0.4,74
6943,economics,G,G,0.95,0.8798489437819914,0.95,59
6944,economics,G,F,0.9,0.8512830432179326,0.9,43
6945,economics,A,E,0.9,0.8054861356502531,0.4,124
6946,economics,J,J,0.95,0.8745770652577498,1.0,69
6947,economics,J,G,0.9,0.8017537545039273,0.0,124
6948,economics,G,D,0.95,0.7886180303552531,0.0,89
6949,economics,J,I,0.9,0.7740093270805816,0.9,379
6950,economics,D,A,0.95,0.7716048775203606,0.95,68
6951,economics,C,D,0.8,0.7104200282534638,0.8,136
6952,economics,I,C,0.9,0.7564412925606476,0.4,94
6953,economics,F,G,0.95,0.8823834821772139,0.0,48
6954,economics,B,D,1.0,0.7471275192963052,0.0,174
6955,economics,D,D,0.85,0.7070089308090302,0.85,145
6956,economics,J,E,0.9,0.8289509189047892,0.9,157
6957,economics,F,F,0.85,0.8675626967845006,0.85,41
6958,economics,J,D,0.9,0.8254945990231773,0.9,82
6959,economics,I,I,0.95,0.8024635518518681,0.95,75
6960,economics,E,E,0.7,0.6978679107364888,0.8,102
6961,economics,F,F,1.0,0.9084270919023495,1.0,86
6962,economics,C,H,0.95,0.7907881914713234,0.95,137
6963,economics,B,B,0.95,0.8493603631667126,0.95,87
6964,economics,D,D,0.9,0.6922396333308882,0.9,216
6965,economics,H,,0.6,0.6720333104365107,0.0,221
6966,economics,H,H,0.75,0.7004746235309992,0.7,63
6967,economics,D,D,0.95,0.7489413278299265,0.9,53
6968,economics,I,I,0.9,0.8116825999976097,0.9,96
6969,economics,A,A,0.9,0.8479689833771904,0.9,127
6970,economics,B,B,0.95,0.7411363900754286,0.95,95
6971,economics,C,C,0.95,0.767564237630459,0.95,83
6972,economics,I,H,0.95,0.746233967970786,0.0,48
6973,economics,B,B,0.9,0.8725239583666229,1.0,92
6974,economics,D,I,0.9,0.6924516602110197,0.8,251
6975,economics,D,D,0.95,0.8490265474077484,0.95,65
6976,economics,D,D,0.95,0.8335984149853792,0.95,65
6977,economics,G,G,0.95,0.8583743575681352,0.95,50
6978,economics,D,D,0.9,0.7121575189630192,0.9,299
6979,economics,H,E,0.95,0.6805026886933865,0.8,164
6980,economics,H,F,0.9,0.9031170354338183,0.9,76
6981,economics,B,B,0.95,0.846835614451713,0.95,49
6982,economics,C,C,0.95,0.7954466123723934,0.95,123
6983,economics,D,B,0.9,0.816529087263619,0.8,110
6984,economics,A,D,0.95,0.7531788466443725,0.95,87
6985,economics,C,D,0.9,0.7915780448452433,0.9,170
6986,economics,E,D,1.0,0.8408308700965136,1.0,98
6987,economics,G,G,1.0,0.8939638054988017,1.0,123
6988,economics,H,A,1.0,0.874311505329117,1.0,86
6989,economics,D,F,0.95,0.782472487913379,0.0,325
6990,economics,E,E,0.9,0.8247955031913596,0.9,103
6991,economics,B,C,0.95,0.7530374869988388,0.95,109
6992,economics,B,B,0.95,0.7501398084659476,0.95,342
6993,economics,D,D,0.85,0.7363656198753826,0.85,129
6994,economics,F,F,0.95,0.8176067074080869,0.95,65
6995,economics,G,E,0.95,0.8555026992964628,0.4,85
6996,economics,J,D,0.95,0.7998854508289371,0.05,105
6997,economics,D,A,0.85,0.7816425134922501,0.0,101
6998,economics,C,C,1.0,0.788837698799765,1.0,49
6999,economics,H,H,0.95,0.7556524355409715,0.95,179
7000,economics,A,A,0.95,0.8213575927390365,0.95,132
7001,economics,B,B,0.95,0.7571041065218748,1.0,87
7002,economics,A,G,0.95,0.8489993989579019,0.95,131
7003,economics,D,D,0.95,0.9008066431861095,0.95,57
7004,economics,B,D,0.95,0.8284123923589973,0.95,118
7005,economics,D,D,0.95,0.8390068573216566,1.0,130
7006,economics,C,G,0.95,0.8720720336188098,0.5,90
7007,economics,F,E,0.95,0.7997467024063503,0.95,85
7008,economics,B,B,0.95,0.8448325550529749,0.95,76
7009,economics,I,E,0.95,0.6927830170767034,0.95,137
7010,economics,D,F,0.9,0.8596626079818546,0.4,72
7011,economics,F,B,0.95,0.7763183053354178,0.95,158
7012,economics,A,A,0.9,0.758824778211203,0.9,157
7013,economics,D,D,0.85,0.6468920795034766,0.85,199
7014,economics,A,A,1.0,0.7043286210976663,1.0,92
7015,economics,D,F,0.8,0.678810176256402,0.7,284
7016,economics,B,C,0.95,0.7820504527701252,0.95,171
7017,economics,A,A,0.95,0.7326537288222718,0.95,132
7018,economics,D,D,0.95,0.7974585517501782,0.95,82
7019,economics,B,B,0.95,0.8631115112308262,0.95,120
7020,economics,A,B,0.95,0.7665993087854571,0.95,84
7021,economics,E,E,0.8,0.6806315612794787,0.9,261
7022,economics,A,C,0.95,0.7657212612503552,0.0,208
7023,economics,B,E,0.95,0.8735857079741032,0.4,264
7024,economics,C,A,0.9,0.8703042153860957,0.7,111
7025,economics,B,D,0.9,0.8880603186136747,0.0,592
7026,economics,G,B,1.0,0.8962551086457351,0.0,127
7027,economics,J,J,1.0,0.8362684016556615,1.0,68
7028,economics,B,F,0.9,0.7229049337683258,0.9,130
7029,economics,H,G,0.95,0.6888375394698777,0.95,148
7030,economics,A,G,0.9,0.7729574879909182,0.8,105
7031,economics,G,G,0.95,0.7996087128198339,0.95,85
7032,economics,C,H,0.9,0.8360903255982054,0.9,79
7033,economics,A,A,0.9,0.7628537135742628,0.9,71
7034,economics,F,F,0.9,0.8018170884828689,0.9,80
7035,economics,C,C,0.95,0.8599867968668427,1.0,118
7036,economics,E,E,0.95,0.771520676493113,0.95,89
7037,economics,F,F,0.95,0.8066532991746482,0.95,110
7038,economics,F,F,0.9,0.8553311552462105,0.9,94
7039,economics,F,J,0.95,0.8436857161938347,0.0,137
7040,economics,I,I,0.85,0.8013611523816252,0.85,77
7041,economics,J,J,0.95,0.754132704693684,0.95,66
7042,economics,E,E,0.8,0.7560026791713369,0.8,86
7043,economics,A,J,0.95,0.7066776654300144,0.95,256
7044,economics,A,A,0.9,0.7878919605418448,0.95,149
7045,economics,B,I,1.0,0.8685447685556619,1.0,138
7046,economics,E,D,0.9,0.8068190122219964,0.9,131
7047,economics,G,G,0.8,0.7407889335480591,0.9,62
7048,economics,G,G,0.95,0.8655138348779481,0.95,57
7049,economics,E,B,0.85,0.7634099282476956,0.85,65
7050,economics,C,C,0.8,0.7330851451951015,0.8,69
7051,economics,A,J,0.95,0.6834467493151569,0.95,113
7052,economics,D,A,0.9,0.8050458852960932,0.2,67
7053,economics,H,D,0.95,0.8376448748466436,0.0,127
7054,economics,D,D,0.9,0.8432876152418767,0.9,93
7055,economics,C,C,0.9,0.8343354584688192,0.9,129
7056,economics,C,C,0.8,0.7958409318422017,0.8,98
7057,economics,D,D,0.9,0.7697356343473007,0.9,82
7058,economics,J,B,0.9,0.801947398736863,0.9,75
7059,economics,G,A,0.95,0.7760687840976898,0.95,126
7060,economics,A,A,0.95,0.8196317950489093,0.95,67
7061,economics,A,G,0.9,0.833201807682256,0.4,100
7062,economics,I,I,1.0,0.7415151721933304,0.0,87
7063,economics,D,D,1.0,0.9242350604683633,1.0,94
7064,economics,I,I,0.9,0.7249663383218974,0.9,71
7065,economics,E,E,0.9,0.811841895010861,0.9,96
7066,economics,F,C,0.95,0.7638743624581327,0.95,220
7067,economics,B,B,0.95,0.8897912393826503,0.95,78
7068,economics,I,I,0.95,0.8529413981485795,0.95,76
7069,economics,B,E,0.95,0.779556087552053,0.7,63
7070,economics,D,A,0.95,0.7183427411637863,0.0,194
7071,economics,G,G,0.9,0.7183655200384648,0.9,100
7072,economics,B,B,0.95,0.8950423850162799,0.95,90
7073,economics,B,B,0.95,0.7873476061358947,0.95,56
7074,economics,C,C,0.95,0.7745163975846644,0.95,122
7075,economics,A,B,0.25,0.8663932805555091,0.0,277
7076,economics,J,A,0.95,0.8156243198756237,0.0,99
7077,economics,G,I,0.95,0.7108521100493876,0.95,135
7078,economics,E,F,0.95,0.8056730368909404,0.95,82
7079,economics,C,D,0.95,0.8019766867936974,0.95,110
7080,economics,A,I,0.95,0.8244684765962104,0.95,158
7081,economics,C,C,1.0,0.918856761827297,1.0,46
7082,economics,D,E,0.95,0.8594865914340325,0.9,177
7083,economics,E,E,1.0,0.7456217489666771,0.95,89
7084,economics,J,J,1.0,0.816528254698271,1.0,96
7085,economics,C,C,0.95,0.908689090469764,1.0,53
7086,economics,G,B,0.9,0.7773327413743403,0.0,125
7087,economics,D,I,0.9,0.8064738942752365,0.7,118
7088,economics,B,F,0.85,0.7613471783060709,0.4,164
7089,economics,F,F,0.85,0.7592131409304148,0.85,188
7090,economics,J,D,0.9,0.7889992865784408,0.9,178
7091,economics,E,H,1.0,0.8789615054177334,1.0,109
7092,economics,I,F,0.85,0.8012796641334418,0.1,173
7093,economics,I,A,1.0,0.7774031601227023,0.2,133
7094,economics,H,B,0.9,0.8018390013206126,0.9,140
7095,economics,C,C,0.9,0.7547026637208434,0.9,137
7096,economics,E,E,0.95,0.8421211519619535,0.95,92
7097,economics,H,H,0.95,0.8559819440069252,0.95,67
7098,economics,D,F,0.95,0.7578975176950865,0.95,155
7099,economics,B,C,0.95,0.8261098533760295,0.95,234
7100,economics,A,A,0.95,0.8123584056747972,0.95,45
7101,economics,E,E,0.85,0.765568423011052,0.85,57
7102,economics,D,D,1.0,0.7599501410258998,0.95,84
7103,economics,B,F,0.95,0.822594809537019,0.95,50
7104,economics,J,J,0.95,0.8216720645305637,0.95,71
7105,economics,E,E,0.95,0.7148621493618988,0.95,109
7106,economics,F,F,0.95,0.8127905982302106,0.95,65
7107,economics,F,A,0.9,0.7690039554987009,0.8,84
7108,economics,F,F,0.95,0.7930416717602266,0.95,105
7109,economics,E,E,0.95,0.8383023670469154,0.95,62
7110,economics,C,C,0.95,0.7945133344211761,0.95,105
7111,economics,E,J,0.95,0.7982099126907043,0.95,55
7112,economics,H,H,0.9,0.7223431439401227,0.9,138
7113,economics,I,I,1.0,0.9416075239818577,1.0,95
7114,economics,G,C,1.0,0.8869781664832206,0.0,100
7115,economics,H,H,0.95,0.8609639331985405,0.95,56
7116,economics,J,J,0.9,0.7664073439775663,0.9,79
7117,economics,G,B,0.9,0.7756267916735609,0.9,85
7118,economics,I,I,0.95,0.8397852550858865,0.95,92
7119,economics,H,H,0.95,0.8876599766054314,0.95,47
7120,economics,A,A,0.9,0.7565593599373934,0.9,233
7121,economics,A,A,1.0,0.7288740259815274,1.0,497
7122,economics,D,D,0.96,0.8075267063411699,0.98,801
7123,economics,I,I,1.0,0.71242708735283,1.0,193
7124,economics,D,C,0.9,0.8242063781879796,0.9,56
7125,economics,H,H,0.9,0.749510551209968,0.9,144
7126,economics,G,H,0.95,0.7908277248829156,0.95,97
7127,economics,H,H,0.9,0.7711888124785081,0.9,195
7128,economics,G,G,0.95,0.8029195934628541,0.95,128
7129,economics,E,G,0.95,0.7973556973138684,0.0,77
7130,economics,C,C,0.95,0.8755553994877107,0.95,46
7131,economics,A,B,0.95,0.7437879709900895,0.95,135
7132,economics,A,A,0.95,0.8284840563835942,0.95,100
7133,economics,B,A,0.9,0.7416457623639773,0.9,89
7134,economics,J,C,0.95,0.8743241334511157,0.95,74
7135,economics,I,I,0.95,0.8572515987695102,1.0,201
7136,economics,B,B,0.8,0.7661473876359123,0.9,150
7137,economics,A,D,0.7,0.790493496114015,0.9,69
7138,economics,E,C,0.9,0.7106268375356894,0.9,241
7139,economics,J,C,0.9,0.7646307893707797,0.9,184
7140,economics,H,D,0.9,0.7820630265028007,0.9,215
7141,economics,F,F,0.8,0.7099927253639763,0.9,207
7142,economics,F,C,0.95,0.86232719647754,0.95,111
7143,economics,F,F,0.95,0.8042579422506626,0.95,81
7144,economics,E,B,0.85,0.8300439744535117,0.85,107
7145,economics,A,A,0.95,0.7852995987753199,0.95,67
7146,economics,D,D,0.95,0.7938354541695325,0.95,84
7147,economics,J,J,0.9,0.8044841905479949,0.9,65
7148,economics,B,C,1.0,0.7642762134691917,1.0,99
7149,economics,C,C,0.85,0.7911681559858619,0.85,93
7150,economics,E,E,0.85,0.8168151018365212,0.85,54
7151,economics,C,B,0.0,0.7956894850872614,0.4,212
7152,economics,A,A,0.95,0.8306467168296015,0.95,129
7153,economics,B,B,1.0,0.7635410445453424,0.9,96
7154,economics,J,J,0.95,0.7725102466777023,0.95,77
7155,economics,F,A,0.9,0.7503300008585111,0.2,120
7156,economics,G,F,0.95,0.8149799962083872,0.7,111
7157,economics,G,G,0.95,0.8445105202308381,0.95,39
7158,economics,E,E,0.9,0.86750923002373,0.9,76
7159,economics,A,C,0.9,0.7258389786371224,0.7,108
7160,economics,D,D,0.9,0.8015922143778899,0.9,101
7161,economics,H,G,0.99,0.9335548072184761,0.0,568
7162,economics,F,D,0.85,0.6627431121678312,0.85,155
7163,economics,G,C,0.7,0.6938180727838756,0.7,244
7164,economics,F,B,0.9,0.6603213701610178,0.6,181
7165,economics,F,F,0.85,0.779707132805844,0.9,59
7166,economics,H,C,0.9,0.8693275582869281,0.7,321
7167,economics,J,J,0.9,0.7796587792376531,0.9,99
7168,economics,G,D,0.88,0.857407654885681,0.4,364
7169,economics,C,A,0.95,0.8619997573415644,0.6,127
7170,economics,F,F,0.9,0.8280009241038628,0.9,103
7171,economics,I,J,0.95,0.8102121651064392,0.95,71
7172,economics,C,H,0.95,0.8170586556154295,0.0,73
7173,economics,F,E,0.95,0.8363062188873401,0.475,111
7174,economics,F,C,0.9,0.8930173067741783,1.0,70
7175,economics,G,E,0.95,0.843238769359942,0.8,103
7176,economics,B,B,0.9,0.8395613812071301,0.9,53
7177,economics,A,A,0.95,0.8756855860735258,0.95,63
7178,economics,F,F,1.0,0.918590469572025,1.0,69
7179,economics,A,G,1.0,0.8126936670344106,1.0,65
7180,economics,B,B,1.0,0.7580150731563162,1.0,87
7181,economics,H,H,0.9,0.8035847223991327,0.9,55
7182,economics,I,G,0.85,0.7019769466135478,0.85,99
7183,economics,G,G,0.9,0.8499287282652644,1.0,64
7184,economics,G,G,1.0,0.8375593417980034,0.7,77
7185,economics,J,J,1.0,0.9069610752246011,1.0,80
7186,economics,F,C,0.9,0.8046121070268204,0.9,163
7187,economics,D,A,0.9,0.8117657477746436,0.4,116
7188,economics,H,H,1.0,0.9158491559701484,1.0,134
7189,economics,C,C,0.9,0.8467633758788338,45.45,85
7190,economics,D,D,0.95,0.7298636579394618,0.95,192
7191,economics,E,I,0.95,0.8139374054378007,0.95,83
7192,economics,C,J,0.9,0.6940487725844555,0.8,111
7193,economics,F,G,0.95,0.7798499694850881,0.8,160
7194,economics,A,B,0.95,0.7605253677198457,0.95,174
7195,economics,J,B,0.9,0.7455715715352724,0.9,213
7196,economics,I,H,1.0,0.7868600072193656,0.9,67
7197,economics,H,E,0.95,0.8273146903827441,0.0,146
7198,economics,F,B,0.9,0.770486888376118,0.9,56
7199,economics,I,G,0.8,0.8644430772264527,1.0,66
7200,economics,F,J,0.9,0.7839416556044624,0.7,81
7201,economics,A,A,1.0,0.8439560267648961,1.0,96
7202,economics,D,A,0.9,0.7597462837370077,0.9,92
7203,economics,G,E,0.0,0.8287198486936562,0.0,232
7204,economics,B,B,0.95,0.74203808092906,0.95,96
7205,economics,H,H,0.9,0.7609482186941132,0.9,82
7206,economics,G,G,0.9,0.7493723130388887,0.9,118
7207,economics,A,A,0.95,0.7469869510317599,0.8,61
7208,economics,A,A,0.95,0.8004462555922212,0.95,67
7209,economics,I,I,0.85,0.8987227479834322,0.95,64
7210,economics,D,D,0.95,0.8139907464711813,0.95,124
7211,economics,A,A,0.95,0.8135527621706734,0.95,81
7212,economics,B,B,0.95,0.8790183999464389,0.95,106
7213,economics,J,J,0.9,0.8456710248850994,1.0,131
7214,economics,C,C,0.95,0.8892222442943749,1.0,117
7215,economics,A,,0.95,0.7397166593729292,0.95,94
7216,economics,G,G,0.9,0.7262687710021458,0.9,76
7217,economics,G,D,0.7,0.7731104585383177,0.3,97
7218,economics,F,F,0.95,0.708292792111148,0.95,128
7219,economics,I,B,0.9,0.868102873485724,0.0,81
7220,economics,C,C,0.95,0.8421037179542712,0.95,54
7221,economics,A,D,0.95,0.8504006482093903,0.0,172
7222,economics,B,A,1.0,0.7233905347306664,0.9,186
7223,economics,B,B,0.95,0.8135957196349063,0.7,63
7224,economics,J,B,0.6,0.8015482268854786,1.0,439
7225,economics,C,C,0.95,0.7363220839391813,0.95,137
7226,economics,J,J,0.95,0.8603845206153279,1.0,176
7227,economics,G,G,0.9,0.712205894248453,0.9,90
7228,economics,A,A,0.9,0.8586763424762158,0.9,84
7229,economics,C,H,0.9,0.6954853790211947,0.9,125
7230,economics,D,D,1.0,0.8868215662567752,1.0,78
7231,economics,D,D,0.95,0.8092072711574544,0.95,89
7232,economics,J,J,1.0,0.8126758774846685,1.0,53
7233,economics,F,F,0.95,0.8333251794231896,0.95,58
7234,economics,I,A,0.9,0.8860917910378556,0.9,139
7235,economics,H,H,0.75,0.8126160801733484,0.7,63
7236,economics,A,B,0.9,0.8363939973395454,0.9,228
7237,economics,I,I,0.95,0.8284238949909741,0.95,79
7238,economics,D,D,0.9,0.8176149947959243,0.9,76
7239,economics,J,J,0.85,0.7550389255593248,0.85,294
7240,economics,H,H,1.0,0.8969047181679275,1.0,78
7241,economics,A,D,0.85,0.7069571747972544,0.6,216
7242,economics,D,D,0.95,0.7866737234318651,0.95,88
7243,economics,D,D,0.8,0.7839984559949387,0.8,60
7244,economics,D,D,0.98,0.8678452202262786,0.98,127
7245,economics,F,F,0.95,0.7433714215246601,0.95,94
7246,economics,A,A,0.98,0.8327451662065332,0.98,58
7247,economics,D,D,0.9,0.7545288621997462,0.8,83
7248,economics,F,C,0.9,0.7481159202280467,0.9,258
7249,economics,E,E,0.95,0.8644336125666776,0.95,109
7250,economics,H,J,0.8,0.8463650189201466,0.0,103
7251,economics,E,I,0.9,0.8363328909906917,0.9,341
7252,economics,A,A,0.9,0.7580229125099999,0.9,271
7253,economics,H,B,1.0,0.8333476773522136,0.0,134
7254,economics,G,G,0.95,0.7671412607206484,0.95,128
7255,economics,F,C,0.9,0.8819480941033682,0.9,82
7256,economics,D,D,0.98,0.7728925339038786,0.98,146
7257,economics,A,A,0.9,0.8015582490093708,0.9,158
7258,economics,F,F,0.85,0.7623415964152079,0.85,164
7259,economics,G,G,0.9,0.8093032720338328,0.9,109
7260,economics,G,G,0.9,0.8273041467389339,0.9,88
7261,economics,E,E,0.9,0.8280065004855343,0.9,101
7262,economics,I,F,0.95,0.8017873624644835,0.6,122
7263,economics,F,E,0.95,0.8271769777655028,0.95,92
7264,economics,A,C,0.9,0.8575514699817047,0.7,103
7265,economics,I,I,0.9,0.815182581744615,0.9,59
7266,economics,A,A,0.9,0.8219343439896007,0.9,65
7267,economics,J,E,0.95,0.8220943909180364,1.0,85
7268,economics,J,I,1.0,0.7945083698931081,0.8,185
7269,economics,G,A,1.0,0.8247856587060937,0.2,78
7270,economics,H,G,0.95,0.8476979683503979,0.0,76
7271,economics,B,B,0.95,0.7839657032379004,0.95,67
7272,economics,C,C,0.95,0.7442202314372448,0.95,91
7273,economics,I,I,0.95,0.8904554922173901,0.95,132
7274,economics,A,,1.0,0.8708387568425575,0.4,129
7275,economics,D,D,0.95,0.7706279470023918,0.95,74
7276,economics,F,F,0.95,0.8381100153268696,0.95,180
7277,economics,A,A,0.9,0.8964088321751981,1.0,47
7278,economics,D,D,1.0,0.9572116350351823,1.0,337
7279,economics,C,C,1.0,0.8683454299992974,1.0,144
7280,economics,G,G,0.95,0.7601355900728303,0.8,123
7281,economics,G,G,0.95,0.7879446349708421,0.95,128
7282,economics,E,C,1.0,0.8469275274594352,0.4,83
7283,economics,D,D,1.0,0.821079179694091,1.0,80
7284,economics,H,J,0.0,0.8617890166857005,0.9,451
7285,economics,D,D,0.9,0.7195796971349306,0.9,137
7286,economics,H,H,0.95,0.805204894655982,0.95,79
7287,economics,F,D,0.9,0.8651227232420664,0.7,119
7288,economics,F,G,0.9,0.7111627644696591,0.4,122
7289,economics,G,G,0.95,0.7807952955733761,0.95,63
7290,economics,E,E,0.9,0.742107842519568,0.9,64
7291,economics,C,D,0.95,0.7386397764893268,0.95,108
7292,economics,H,H,1.0,0.9393704796085546,1.0,65
7293,economics,A,C,0.95,0.8729483670207585,0.0,98
7294,economics,E,G,0.85,0.7882691480143058,0.85,70
7295,economics,I,I,0.95,0.8139784224445837,0.95,68
7296,economics,B,B,0.95,0.7365514526039723,0.95,59
7297,economics,J,J,0.95,0.7468810223129195,0.95,103
7298,economics,B,B,0.9,0.8146786119491173,0.9,57
7299,economics,G,G,0.95,0.8659821672074145,0.95,124
7300,economics,H,H,0.9,0.8199127306044748,0.9,63
7301,economics,I,J,0.95,0.6875895657591627,0.0,142
7302,economics,B,B,0.9,0.7670834603365796,0.9,114
7303,economics,F,F,1.0,0.83608157885132,1.0,200
7304,economics,D,B,0.85,0.7780997300388054,0.6,60
7305,economics,H,H,0.9,0.7723310055977365,0.9,106
7306,economics,C,C,0.9,0.8576857141810833,0.9,93
7307,economics,E,C,0.9,0.7904540384937114,0.0,95
7308,economics,A,E,0.9,0.7577298882026516,0.4,179
7309,economics,A,I,0.9,0.7782768630345531,0.8,97
7310,economics,I,I,1.0,0.9322844514747842,1.0,121
7311,economics,G,A,0.9,0.8564369266635761,0.9,55
7312,economics,J,J,0.95,0.7456638240286184,0.95,270
7313,economics,F,B,0.95,0.7949912680813298,0.9,70
7314,economics,G,C,0.9,0.775177177885096,0.9,80
7315,economics,F,H,0.8,0.7905349931928475,0.0,65
7316,economics,I,I,0.8,0.7702482203365609,0.0,45
7317,economics,F,F,0.8,0.8513534283345235,1.0,65
7318,economics,H,E,0.9,0.7860212790435207,0.9,360
7319,economics,G,G,0.95,0.8966110265175797,0.95,79
7320,economics,F,F,0.98,0.7099395848504639,0.9,137
7321,economics,F,F,0.95,0.7684094605304682,0.95,199
7322,economics,C,D,0.95,0.7695076373881764,0.95,108
7323,economics,J,H,0.6,0.7198700021647435,0.0,105
7324,economics,B,H,0.95,0.8365383247833623,0.9,138
7325,economics,C,C,0.9,0.8570672142775585,1.0,101
7326,economics,E,E,1.0,0.7798062704680276,0.95,160
7327,economics,I,B,0.92,0.7604826185950592,0.9,117
7328,economics,B,J,0.95,0.80763894116141,0.95,187
7329,economics,J,F,1.0,0.8756623471797071,0.0,67
7330,economics,A,A,0.9,0.8257258628844624,0.9,49
7331,economics,C,A,0.6,0.7356147007746587,0.9,68
7332,economics,C,C,0.9,0.839687740204778,0.8,97
7333,economics,A,F,0.8,0.7459801249270693,0.8,79
7334,economics,B,B,0.95,0.7405762452701079,0.95,152
7335,economics,D,D,1.0,0.7502770057251279,1.0,131
7336,economics,C,H,0.85,0.703613019103292,0.4,76
7337,economics,E,E,1.0,0.7974660442253865,1.0,106
7338,economics,H,H,0.95,0.7982923526867037,0.95,183
7339,economics,F,F,0.95,0.8424554559568534,0.95,69
7340,economics,C,C,0.8,0.7508767792530551,0.8,149
7341,economics,I,I,0.95,0.7410000933012835,0.95,207
7342,economics,C,E,1.0,0.8998806367027748,1.0,137
7343,economics,B,B,1.0,0.9527686362714564,1.0,105
7344,economics,D,A,0.9,0.7720387488178084,0.9,106
7345,economics,E,E,0.85,0.8472131900078446,0.85,66
7346,economics,G,G,0.95,0.8705793939405109,0.95,77
7347,economics,I,D,1.0,0.8549312356232701,1.0,152
7348,economics,H,H,0.95,0.7712241331549768,0.95,60
7349,economics,A,A,1.0,0.78255520745643,0.95,285
7350,economics,E,E,1.0,0.8444086731279767,0.95,47
7351,economics,H,J,0.9,0.8299869123200176,0.9,172
7352,economics,C,G,0.7,0.796646679996955,0.7,68
7353,economics,F,I,0.9,0.7491636902841664,0.9,102
7354,economics,B,C,0.97,0.8777543016812785,0.0,68
7355,economics,B,F,1.0,0.8865723997293202,1.0,91
7356,economics,C,C,0.85,0.7819643740866802,0.85,111
7357,economics,G,G,0.95,0.9133696119366932,0.95,156
7358,economics,B,J,0.95,0.8178950919666144,0.0,289
7359,economics,A,A,1.0,0.8553173632732928,0.9,65
7360,economics,H,H,1.0,0.9207167956230149,1.0,93
7361,economics,I,H,0.92,0.8789347580780265,0.7,138
7362,economics,A,A,0.95,0.8267272580103192,0.95,61
7363,economics,A,A,1.0,0.856006578412226,1.0,87
7364,economics,G,G,0.95,0.7804561023479053,0.95,65
7365,economics,B,C,0.5,0.7653318497362547,0.95,660
7366,economics,D,D,0.95,0.7830559743010514,0.95,88
7367,economics,I,I,0.95,0.8298963344632423,0.95,70
7368,economics,D,D,0.9,0.7893865602845351,0.9,71
7369,economics,C,C,0.9,0.7023401253714752,0.9,118
7370,economics,C,C,0.85,0.8260672037294238,0.9,128
7371,economics,E,E,0.9,0.777350841267953,0.9,79
7372,economics,F,D,0.95,0.8145881245331077,0.95,79
7373,economics,D,B,1.0,0.8409401573394991,0.0,86
7374,economics,D,B,0.85,0.887126196725978,0.85,105
7375,economics,C,C,0.98,0.8822687343652666,0.7,60
7376,economics,F,F,0.9,0.7643654599177406,0.9,83
7377,economics,J,I,0.9,0.835894531228204,0.9,90
7378,economics,G,A,0.9,0.9223641945649981,0.9,118
7379,economics,E,I,0.95,0.8687827660048447,0.95,45
7380,economics,B,B,1.0,0.8451690615488462,1.0,244
7381,economics,D,A,0.95,0.8480766487979997,0.95,89
7382,economics,D,A,0.9,0.7474277636469429,0.9,116
7383,economics,C,J,1.0,0.8679155916700616,0.0,92
7384,economics,E,J,0.95,0.8525507515326205,0.6,141
7385,economics,D,I,0.95,0.7480795369609978,0.95,123
7386,economics,J,D,0.9,0.8102088972842031,0.9,65
7387,economics,A,B,0.85,0.7272260118896519,0.85,111
7388,economics,C,C,0.9,0.8130607037675607,0.9,69
7389,economics,E,E,0.9,0.8007804157217119,0.9,66
7390,economics,F,F,0.95,0.7852033004994873,0.95,157
7391,economics,J,B,0.95,0.8036128905158538,1.0,41
7392,economics,D,D,0.95,0.7781123346134853,0.95,183
7393,economics,A,A,0.95,0.778796809835686,0.95,155
7394,economics,B,D,0.9,0.7499441952674092,0.9,141
7395,economics,B,B,0.95,0.8053830718343039,0.95,169
7396,economics,B,B,0.95,0.8315028901684026,0.95,104
7397,economics,J,J,1.0,0.855754987221141,1.0,76
7398,economics,D,D,0.95,0.8366281458055376,0.95,101
7399,economics,E,E,1.0,0.7903735626554685,0.9,129
7400,economics,E,F,0.98,0.8400924530482139,0.4,70
7401,economics,J,H,0.95,0.7820138295612585,0.0,104
7402,economics,A,A,0.9,0.7787269965303415,0.9,103
7403,economics,G,F,0.95,0.8626449668929637,0.0,48
7404,economics,A,A,0.85,0.7153612180427409,0.6,62
7405,economics,A,A,0.95,0.8065698709013455,0.95,73
7406,economics,C,C,1.0,0.8766602426561182,1.0,38
7407,economics,A,B,1.0,0.8647290158094657,0.4,70
7408,economics,C,C,0.8,0.7241079462103552,0.8,67
7409,economics,G,G,0.9,0.8446899486297051,0.9,59
7410,economics,B,F,1.0,0.7749248352716417,0.95,146
7411,economics,C,E,0.95,0.8109452027602403,0.95,70
7412,economics,D,E,0.85,0.7358427188025726,0.4,111
7413,economics,G,G,0.95,0.6836523081315903,0.95,122
7414,economics,C,A,0.85,0.7229908177220457,0.85,187
7415,economics,E,E,0.95,0.7554949119184119,0.95,147
7416,economics,J,D,0.9,0.8039429003497165,0.7,56
7417,economics,C,C,0.9,0.7778435442456176,0.9,67
7418,economics,A,A,0.85,0.7772648534303388,0.85,127
7419,economics,B,B,0.9,0.8063655788804365,0.9,108
7420,economics,B,B,0.95,0.8022678141818966,0.95,74
7421,economics,A,D,0.9,0.76895731199713,0.9,123
7422,economics,C,,1.0,0.8873886209175996,0.0,455
7423,economics,H,H,0.9,0.7570771373618516,0.9,100
7424,economics,J,J,0.95,0.7549124784765746,0.95,109
7425,economics,D,C,0.95,0.8803982591542769,0.7749999999999999,103
7426,economics,E,E,0.9,0.748445085775682,0.9,84
7427,economics,A,C,0.8,0.6317658534769688,0.55,273
7428,economics,E,E,0.95,0.7489997437300487,0.95,58
7429,economics,G,G,1.0,0.8887238869385646,1.0,89
7430,economics,G,G,0.95,0.6775287650884945,0.95,230
7431,economics,J,D,0.95,0.8559010806306898,0.95,110
7432,economics,H,B,0.9,0.7749268045119129,0.8,100
7433,economics,H,C,0.0,0.7911124141763295,0.0,104
7434,economics,D,B,0.55,0.7690912615754838,0.9,71
7435,economics,A,A,1.0,0.7367028160410903,1.0,127
7436,economics,B,I,1.0,0.9283851173164983,0.0,149
7437,economics,G,G,0.95,0.7997523342942381,0.95,73
7438,economics,A,A,0.95,0.8081126157275166,0.95,66
7439,economics,B,B,0.95,0.8149988181460754,0.95,113
7440,economics,D,H,0.9,0.8093058404059509,0.9,68
7441,economics,D,D,0.95,0.820746868095757,0.95,89
7442,economics,C,B,0.9,0.8232613617121153,0.0,103
7443,economics,G,G,0.8,0.8562642653176465,0.8,67
7444,economics,G,G,0.9,0.8218238482138983,0.9,67
7445,economics,B,B,0.95,0.8378725881458698,0.95,79
7446,economics,A,H,0.9,0.8167556063337549,1.0,102
7447,economics,I,A,0.95,0.8900650731306783,0.95,107
7448,economics,F,E,0.9,0.7790613568736467,0.9,117
7449,economics,D,C,0.9,0.7723469219251468,0.4,92
7450,economics,C,C,0.5,0.7778043762354416,1.0,243
7451,economics,H,A,0.95,0.8220141804737472,0.4,186
7452,economics,A,A,0.9,0.8165149406109948,0.9,77
7453,economics,D,D,0.95,0.8714861164003326,0.95,88
7454,economics,A,C,0.9,0.829520141906078,0.9,80
7455,economics,E,E,0.9,0.8154030411822479,0.9,91
7456,economics,D,J,0.8,0.785226264034098,0.4,133
7457,economics,G,I,0.9,0.8276545714189398,0.9,82
7458,economics,A,A,0.9,0.7580264897892033,0.9,146
7459,economics,E,A,0.8,0.814590803626007,0.8,304
7460,economics,F,F,1.0,0.8541381465038148,0.95,76
7461,economics,D,G,0.75,0.8188786844977847,0.75,307
7462,economics,D,D,0.95,0.8574100255577543,0.95,65
7463,economics,J,J,0.95,0.6756085460601763,0.95,191
7464,economics,B,B,0.98,0.8731612551268199,0.98,55
7465,economics,I,I,0.9,0.8426231069112823,0.9,59
7466,economics,G,G,0.8,0.7856542428080532,0.8,94
7467,economics,H,H,0.95,0.8629385321400631,1.0,70
7468,economics,B,A,1.0,0.8928642738010731,0.9,138
7469,economics,A,G,0.9,0.8229053582618657,0.9,88
7470,economics,A,C,0.85,0.7886528102485751,0.85,125
7471,economics,G,J,0.88,0.794793363795535,0.9,197
7472,economics,F,D,0.95,0.8357103913217229,0.7,69
7473,economics,J,I,0.95,0.7306794096830403,0.95,98
7474,economics,D,J,0.95,0.7774188576553818,0.95,65
7475,economics,I,A,1.0,0.7412775369128332,0.0,62
7476,economics,H,A,0.9,0.7789058192338756,0.9,165
7477,economics,D,D,0.9,0.7606496655386636,0.9,167
7478,economics,D,A,1.0,0.9202340062508618,0.9,268
7479,economics,F,F,0.95,0.9046225966185313,0.95,55
7480,economics,C,C,0.95,0.8134815940738159,0.95,114
7481,economics,B,B,0.95,0.7786065678451171,0.95,72
7482,economics,E,B,0.95,0.8657259701769788,0.95,105
7483,economics,A,B,0.85,0.7962565172161509,0.6,75
7484,economics,B,B,0.9,0.8137237413602935,0.9,70
7485,economics,C,F,0.9,0.8956966040878152,1.0,98
7486,economics,E,E,0.95,0.753931573393099,0.95,111
7487,economics,H,A,1.0,0.8098672360768131,1.0,139
7488,economics,J,J,0.9,0.733742014442989,0.9,96
7489,economics,H,H,0.95,0.818571287724569,0.95,61
7490,economics,E,E,0.95,0.6840671630741358,0.95,109
7491,economics,A,A,1.0,0.7776778245857311,1.0,109
7492,economics,H,J,0.95,0.7880806498127877,0.95,62
7493,economics,B,B,0.8,0.8004656176366395,0.8,88
7494,economics,E,E,0.9,0.7331361658234873,0.8,69
7495,economics,B,B,1.0,0.8561961129045946,0.9,136
7496,economics,B,I,0.95,0.7552656397783858,0.95,154
7497,economics,D,A,0.8,0.8393488687313838,0.8,89
7498,economics,F,F,0.95,0.8506610699607785,0.95,76
7499,economics,B,B,0.95,0.8207602691674443,0.95,46
7500,economics,A,A,0.95,0.8246452419021342,0.95,73
7501,economics,I,B,1.0,0.9182072040027561,0.0,83
7502,economics,B,B,0.95,0.7905485049670918,0.7,83
7503,economics,J,A,0.85,0.7230650901276976,0.85,76
7504,math,H,E,0.95,0.8599854242060753,0.95,65
7505,math,H,A,0.85,0.7662904507016575,0.4,171
7506,math,C,C,0.95,0.8673241094072615,0.95,104
7507,math,H,B,0.95,0.7791764446007287,0.0,78
7508,math,B,A,1.0,0.8682344310585645,0.0,405
7509,math,D,C,0.9,0.8280631833021689,0.8,184
7510,math,J,B,0.95,0.8307832672309717,0.0,52
7511,math,J,H,0.95,0.8059346445097306,0.0,91
7512,math,I,C,1.0,0.8160092858805338,0.95,177
7513,math,G,B,0.99,0.7906340447190683,0.7,142
7514,math,A,A,0.95,0.7409441187752366,0.95,333
7515,math,H,,0.95,0.8984183697098029,0.95,221
7516,math,E,E,0.9,0.730589851407395,0.9,197
7517,math,A,A,1.0,0.856193516183586,0.4,130
7518,math,F,F,0.95,0.7123341478976709,0.95,91
7519,math,A,A,0.9,0.8330950092551264,0.9,49
7520,math,B,B,0.95,0.8923278560874844,0.95,130
7521,math,F,F,0.9,0.8974998500033413,1.0,227
7522,math,D,C,1.0,0.9503267890695268,1.0,88
7523,math,J,I,0.85,0.8766234533537582,0.0,43
7524,math,D,D,1.0,0.9136256279893272,1.0,60
7525,math,B,B,1.0,0.8898482766026474,1.0,119
7526,math,F,F,0.9,0.8286356052916745,1.0,96
7527,math,F,D,1.0,0.9581528947276767,0.0,38
7528,math,B,D,1.0,0.9298599380537383,0.3333333333333333,210
7529,math,A,A,1.0,0.9442979070520247,1.0,58
7530,math,B,B,1.0,0.8480356304396186,1.0,78
7531,math,B,B,0.95,0.8527169582999493,0.95,93
7532,math,E,E,0.95,0.9253901551620565,0.95,54
7533,math,F,F,0.95,0.9159226610406145,0.95,105
7534,math,G,D,1.0,0.9510953652516464,0.8,46
7535,math,D,D,1.0,0.9477782973632584,1.0,41
7536,math,G,E,0.95,0.9234884951036929,0.4,49
7537,math,E,E,1.0,0.7754146028245704,1.0,140
7538,math,F,D,1.0,0.8841166344869315,0.0,82
7539,math,F,B,0.95,0.9344203744093892,0.8,347
7540,math,E,E,1.0,0.9037676853525406,1.0,78
7541,math,E,E,1.0,0.9056054278553245,1.0,103
7542,math,J,E,1.0,0.9226368451245692,0.0,58
7543,math,J,J,1.0,0.9029971324615748,1.0,80
7544,math,F,F,0.95,0.8536364334370123,0.95,156
7545,math,H,A,1.0,0.9258274944320133,0.0,64
7546,math,A,A,1.0,0.8994155529344566,1.0,102
7547,math,A,B,1.0,0.8618347560612379,0.875,138
7548,math,E,F,1.0,0.784421398523606,0.0,171
7549,math,G,G,1.0,0.8554970564376452,1.0,67
7550,math,F,F,1.0,0.90495163960815,1.0,169
7551,math,B,A,0.95,0.836609258142163,0.2,119
7552,math,F,F,1.0,0.9287129418725055,1.0,78
7553,math,A,A,1.0,0.9338999653941376,1.0,76
7554,math,F,B,1.0,0.8112381504181839,0.0,626
7555,math,C,E,0.95,0.9184714384422357,0.6,101
7556,math,C,G,1.0,0.7873994473816859,0.0,176
7557,math,D,C,1.0,0.8643536581169288,1.0,46
7558,math,E,,1.0,0.8255095287375278,0.0,297
7559,math,G,G,1.0,0.8393860890558903,1.0,136
7560,math,B,B,0.9,0.8091875030828581,0.8,114
7561,math,D,D,1.0,0.8797540660251316,1.0,256
7562,math,H,F,0.35,0.7756512802904387,0.0,259
7563,math,H,G,1.0,0.8733975462986019,0.0,107
7564,math,C,H,0.9,0.8405875364561979,0.9,211
7565,math,C,C,0.95,0.8889995815748746,0.95,243
7566,math,F,E,1.0,0.8299779488558888,0.4,215
7567,math,F,J,0.9,0.8348250535138121,0.9,245
7568,math,I,,0.9,0.7968388567429785,0.0,154
7569,math,D,B,0.99,0.8669900885846527,0.0,267
7570,math,B,B,1.0,0.8320949867061813,1.0,140
7571,math,B,B,0.95,0.8026024149952571,0.95,62
7572,math,F,E,1.0,0.9430798297928048,1.0,344
7573,math,H,I,0.95,0.8032894651526621,0.95,78
7574,math,G,E,1.0,0.7777661915350853,0.95,365
7575,math,A,C,0.5,0.707071743657409,0.0,261
7576,math,C,G,1.0,0.7588622880405408,0.4,103
7577,math,F,C,0.8,0.739175360977027,0.8,56
7578,math,H,G,0.95,0.8329446878182069,0.0,100
7579,math,D,D,1.0,0.8565349893766446,1.0,145
7580,math,C,I,0.8,0.8425724803749118,0.0,294
7581,math,G,A,1.0,0.8190083761002469,0.4,213
7582,math,D,D,1.0,0.7785918342334546,0.9,96
7583,math,D,D,0.98,0.8689500305002312,1.0,287
7584,math,F,I,1.0,0.7504520768803595,0.9,51
7585,math,E,E,1.0,0.7793280466761996,1.0,181
7586,math,D,D,0.9,0.8344839186278938,0.9,141
7587,math,J,C,0.0,0.6470565340373976,0.0,121
7588,math,I,C,1.0,0.8899865168208948,1.0,120
7589,math,J,E,0.85,0.828117850963623,0.7,213
7590,math,E,C,0.95,0.7251312050041696,0.95,185
7591,math,E,J,1.0,0.882092242443406,0.9,297
7592,math,G,B,0.7,0.7883349470268822,0.8,61
7593,math,B,J,0.1,0.7415232491790559,0.0,277
7594,math,B,F,1.0,0.8213517756482389,0.4,162
7595,math,I,,1.0,0.8879526640752885,0.0,229
7596,math,G,D,0.5,0.7463826548759954,0.7,415
7597,math,G,G,1.0,0.9426934860248463,1.0,119
7598,math,F,B,0.0,0.8009003984789138,0.0,104
7599,math,D,J,0.98,0.8922481397678075,0.0,339
7600,math,F,B,0.95,0.9105830426976143,0.4,243
7601,math,D,E,0.99,0.9007702850514437,0.8,232
7602,math,G,H,1.0,0.8433194477906024,1.0,62
7603,math,E,E,0.9,0.812521056291626,0.9,119
7604,math,C,I,1.0,0.9153248884362035,1.0,147
7605,math,G,D,1.0,0.9001328711695824,1.0,176
7606,math,I,D,1.0,0.7952103792405574,0.0,178
7607,math,G,D,1.0,0.808171038361656,0.0,191
7608,math,C,A,0.95,0.7720659537569814,0.95,260
7609,math,H,B,1.0,0.8110930649849925,0.0,126
7610,math,C,C,0.9,0.8331371622818518,0.9,119
7611,math,I,I,0.0,0.7183764321190871,0.0,86
7612,math,F,F,0.95,0.8827721859652776,0.95,66
7613,math,H,H,1.0,0.9031230525891889,1.0,144
7614,math,D,D,0.9,0.7950647089875694,0.9,146
7615,math,C,D,0.95,0.8442522319823705,0.0,55
7616,math,I,I,0.98,0.8640805040468333,0.8,322
7617,math,C,C,1.0,0.924980501573811,1.0,160
7618,math,I,I,0.99,0.8734283216796982,1.0,116
7619,math,A,F,0.9,0.8184040827778415,0.0,75
7620,math,F,A,0.8,0.7364178937651265,0.0,159
7621,math,I,J,0.9,0.7897961522933753,0.0,69
7622,math,F,F,0.84,0.8886441201569989,1.0,160
7623,math,J,B,0.8,0.7294154558022474,0.8,129
7624,math,H,B,1.0,0.8669526099294322,0.0,46
7625,math,C,C,1.0,0.929451804502366,1.0,41
7626,math,J,F,1.0,0.8451481214584463,0.0,64
7627,math,B,B,0.95,0.9462242113855317,1.0,136
7628,math,C,C,1.0,0.9124799462981291,1.0,88
7629,math,F,D,1.0,0.9165910657085544,0.0,62
7630,math,G,F,1.0,0.9386787266765184,0.0,42
7631,math,J,B,1.0,0.8749985719954873,1.0,37
7632,math,J,A,1.0,0.9063454377798202,0.0,92
7633,math,A,A,1.0,0.9174144094281861,1.0,79
7634,math,H,H,0.9,0.8941767102258436,0.9,90
7635,math,F,F,1.0,0.8696962029742928,1.0,45
7636,math,J,B,1.0,0.9218005469132259,1.0,37
7637,math,D,E,1.0,0.8457417207361275,1.0,74
7638,math,C,A,0.85,0.8389962631712488,0.0,45
7639,math,B,B,1.0,0.9034607296542416,1.0,57
7640,math,D,D,1.0,0.8866766478505367,1.0,65
7641,math,H,B,0.8,0.911666537462987,0.0,63
7642,math,B,B,1.0,0.867726085993587,1.0,56
7643,math,G,G,1.0,0.831559695168006,1.0,108
7644,math,C,C,0.95,0.9311571501977054,1.0,63
7645,math,I,B,1.0,0.9411432800909673,1.0,309
7646,math,A,,0.8,0.61134821597213,0.0,294
7647,math,I,B,0.9,0.8282201196868093,0.9,101
7648,math,D,I,0.95,0.8197782201557935,0.0,113
7649,math,C,H,0.8,0.6746185918845954,0.8,126
7650,math,H,I,0.95,0.8432416553601481,0.0,248
7651,math,A,B,0.7,0.808120227380168,0.15,123
7652,math,E,J,0.85,0.8642193248645846,0.85,69
7653,math,H,H,0.9,0.8984323414386713,0.9,142
7654,math,I,B,1.0,0.9306822088351618,0.0,51
7655,math,H,D,0.8,0.7369891342238759,0.8,380
7656,math,G,G,0.95,0.8356414889815775,0.4,410
7657,math,A,B,0.98,0.6893600514333128,0.4,144
7658,math,A,A,0.9,0.8864482465075406,0.9,82
7659,math,G,D,0.8,0.8664995457392607,0.0,379
7660,math,A,A,1.0,0.9254207593637767,1.0,129
7661,math,D,D,1.0,0.8897056029271477,0.8,290
7662,math,J,C,0.84,0.785488070357074,0.8,107
7663,math,B,B,1.0,0.8795974322857993,1.0,158
7664,math,C,C,1.0,0.8445990055033898,1.0,80
7665,math,D,D,1.0,0.9571222086108423,1.0,157
7666,math,J,F,1.0,0.9003280317353554,0.0,97
7667,math,A,A,1.0,0.8273455315158674,1.0,73
7668,math,D,G,0.95,0.8302420931664869,0.57,107
7669,math,J,G,1.0,0.8500319623737029,1.0,87
7670,math,G,J,0.99,0.858306605883548,0.99,124
7671,math,E,B,0.95,0.7862001100534132,0.95,123
7672,math,A,A,1.0,0.8841214886304429,0.9,86
7673,math,J,,0.0,0.7380260712616199,0.8,196
7674,math,H,F,1.0,0.7943307993789455,0.0,148
7675,math,F,A,0.9,0.8802535807808856,0.9,298
7676,math,H,A,0.95,0.8299421850350269,0.95,194
7677,math,E,B,0.95,0.8755087886459844,0.0,62
7678,math,J,H,0.92,0.7036806138477205,0.0,334
7679,math,F,B,1.0,0.7942236197876794,0.9,108
7680,math,E,I,1.0,0.9216608436955604,1.0,181
7681,math,I,F,0.95,0.8468850964340103,0.8,102
7682,math,I,J,0.5,0.6462864375783096,0.0,139
7683,math,H,,0.9,0.7711028411284184,0.4,413
7684,math,J,J,0.95,0.9428673394463728,0.95,373
7685,math,H,H,1.0,0.871251862765977,1.0,153
7686,math,G,B,0.92,0.8153310342985829,0.92,81
7687,math,B,J,1.0,0.7476065102087776,0.4,142
7688,math,H,H,1.0,0.7738492103158329,0.95,151
7689,math,B,,0.8,0.8593557392751159,0.8,411
7690,math,A,B,1.0,0.9133661203022491,0.0,68
7691,math,D,D,0.9,0.7986842580547008,0.9,285
7692,math,I,I,1.0,0.9073615083893894,1.0,71
7693,math,F,H,1.0,0.7916866331121393,0.0,127
7694,math,F,E,0.92,0.8307395200268143,0.92,425
7695,math,C,C,0.9,0.8750523606071817,0.9,609
7696,math,B,H,0.7,0.7674549729833842,0.7,403
7697,math,J,J,0.9,0.8567105138363712,0.9,743
7698,math,F,E,0.95,0.7944784701856467,0.05,103
7699,math,B,B,0.9,0.8201813938109066,0.9,202
7700,math,B,I,0.5,0.7573728760390976,0.8,77
7701,math,A,I,0.95,0.885206825052324,0.9,351
7702,math,F,G,1.0,0.9095209813461379,0.4,77
7703,math,A,B,1.0,0.7059033699436315,1.0,434
7704,math,F,D,1.0,0.7564802663952813,0.2,109
7705,math,B,C,1.0,0.8886968597854901,0.0,90
7706,math,A,F,0.95,0.8747928321581208,1.0,157
7707,math,J,J,1.0,0.8385912898993954,1.0,278
7708,math,B,D,0.95,0.8990545166442876,0.95,68
7709,math,D,D,0.95,0.8223962152930273,0.95,93
7710,math,F,C,1.0,0.903772223928139,0.0,85
7711,math,F,C,1.0,0.7911123740651091,1.0,130
7712,math,A,B,0.95,0.7911837736338061,0.95,94
7713,math,B,E,0.9,0.7714472159398785,0.4,236
7714,math,H,A,0.95,0.7574716159761956,0.95,155
7715,math,I,E,1.0,0.8221150940723005,0.0,90
7716,math,F,E,0.8,0.8708417202320519,0.0,171
7717,math,I,B,0.8,0.7765957634782512,0.7,196
7718,math,C,C,0.85,0.8396128728042852,0.9,71
7719,math,I,C,0.95,0.8689674791078971,0.95,138
7720,math,G,E,0.8,0.8645098272658511,0.0,64
7721,math,I,I,0.95,0.7088596095847618,0.95,105
7722,math,E,A,0.95,0.9239320794637846,0.0,91
7723,math,J,H,1.0,0.8157962564321177,1.0,127
7724,math,D,B,0.99,0.8752795781426883,1.0,158
7725,math,E,E,0.8,0.8444673220999714,1.0,160
7726,math,A,C,1.0,0.8445229024053312,0.8,183
7727,math,I,G,0.95,0.8938618515262108,0.95,39
7728,math,J,J,1.0,0.8145458819857396,1.0,105
7729,math,I,H,0.8,0.7110018772302689,0.8,95
7730,math,C,J,0.95,0.874230349705757,0.0,70
7731,math,G,E,1.0,0.890220782647403,0.8,122
7732,math,B,B,0.0,0.8672982205562553,0.95,102
7733,math,H,G,1.0,0.8556331302327072,0.0,146
7734,math,C,C,0.98,0.8891085703155891,0.98,81
7735,math,H,H,1.0,0.9586357370574569,1.0,49
7736,math,H,H,1.0,0.8758139915787109,1.0,109
7737,math,E,E,1.0,0.8424536377399406,1.0,156
7738,math,C,C,1.0,0.9142564841096474,1.0,52
7739,math,D,E,1.0,0.9102717997117117,0.7,67
7740,math,H,H,1.0,0.8990792999297712,1.0,77
7741,math,E,E,0.95,0.9087787453489988,0.95,105
7742,math,I,A,1.0,0.9258683308745415,0.6666666666666666,39
7743,math,D,B,1.0,0.8638530345277148,1.0,79
7744,math,G,G,1.0,0.8363615805796206,1.0,37
7745,math,I,F,1.0,0.8837846055483038,0.9,57
7746,math,I,I,1.0,0.9104656482782294,1.0,55
7747,math,B,B,1.0,0.9009272797117198,1.0,50
7748,math,D,B,0.9,0.9007932894085614,0.0,95
7749,math,A,A,0.85,0.7924824313630302,0.95,193
7750,math,B,A,0.9,0.9172279124578959,0.0,48
7751,math,G,G,0.95,0.9787227983396818,0.95,305
7752,math,E,D,1.0,0.9063453514579224,0.0,80
7753,math,B,H,0.9,0.756375805865394,0.7,96
7754,math,D,F,0.9,0.7184229687829471,0.7,156
7755,math,J,B,0.98,0.783103093644509,0.4,131
7756,math,H,,0.0,0.8530836545999955,0.0,776
7757,math,B,E,0.9,0.7975676287281028,0.0,87
7758,math,J,H,0.95,0.8711205028268747,0.95,199
7759,math,I,J,1.0,0.9467441416590826,1.0,240
7760,math,A,E,1.0,0.8296106360470608,0.0,154
7761,math,F,C,1.0,0.864982397672484,0.0,100
7762,math,G,E,0.95,0.8871326139004598,0.95,64
7763,math,C,C,1.0,0.8750725044835174,1.0,181
7764,math,A,D,1.0,0.9618618510142672,1.0,419
7765,math,F,B,0.95,0.9236432019216453,0.95,130
7766,math,F,G,1.0,0.9364249074693501,0.0,70
7767,math,C,C,1.0,0.8213915117337112,0.4,82
7768,math,J,G,0.9,0.9157540942581447,0.4,258
7769,math,B,C,1.0,0.8387822173094394,0.4,170
7770,math,A,A,1.0,0.8864573862357541,1.0,137
7771,math,A,B,1.0,0.9022279690999436,1.0,108
7772,math,I,B,1.0,0.9051884730546098,0.0,210
7773,math,C,C,1.0,0.8629030847293939,1.0,203
7774,math,J,H,0.97,0.8257498507111679,0.0,66
7775,math,J,C,0.8,0.8803048664162036,0.9,94
7776,math,F,A,0.95,0.8603324064397536,0.95,379
7777,math,C,C,1.0,0.8512376712419973,0.5,176
7778,math,J,A,1.0,0.8662743686557199,0.0,66
7779,math,G,G,1.0,0.8660645542199039,1.0,261
7780,math,H,G,1.0,0.8373943815238106,1.0,90
7781,math,B,J,0.9,0.6697387148444983,0.9,55
7782,math,I,I,1.0,0.7551654187599768,1.0,97
7783,math,E,J,0.95,0.8159898694531509,0.95,111
7784,math,G,,1.0,0.8856746966736817,0.0,178
7785,math,C,E,1.0,0.8471632104145587,0.9,138
7786,math,B,E,1.0,0.8754404771227936,0.4,134
7787,math,H,D,1.0,0.9202358609207099,1.0,160
7788,math,C,,0.95,0.8449274348387428,0.0,141
7789,math,B,I,0.95,0.8556345634846381,0.0,112
7790,math,F,B,1.0,0.8202856915687855,0.8,165
7791,math,A,H,1.0,0.7041432749200414,0.2,203
7792,math,I,,0.99,0.8511535300666565,1.0,150
7793,math,F,B,0.95,0.8105393047439783,0.0,51
7794,math,A,H,0.95,0.8644082720295646,0.95,104
7795,math,B,G,0.82,0.8161228791928847,0.2,236
7796,math,I,B,0.9,0.7587422943782514,0.0,85
7797,math,A,C,1.0,0.8538515712164688,1.0,162
7798,math,I,J,0.9,0.747535489457778,0.4,117
7799,math,I,,1.0,0.7631074783004955,0.0,266
7800,math,B,C,0.3,0.7600528679261089,0.0,168
7801,math,H,C,0.95,0.9125720097207947,0.95,382
7802,math,A,D,0.85,0.7106492245001604,0.85,184
7803,math,D,D,0.95,0.8953311936322793,0.7,236
7804,math,C,G,0.3,0.8248839219579999,0.8,378
7805,math,B,B,1.0,0.8832195429882437,1.0,155
7806,math,I,I,0.95,0.8770736514498728,0.95,95
7807,math,A,D,0.8,0.8283281032218082,0.0,414
7808,math,B,A,0.95,0.8657016671793409,0.95,397
7809,math,E,B,0.95,0.9237841820196766,0.95,148
7810,math,C,J,0.75,0.7659583812918712,0.8,67
7811,math,I,G,0.7,0.9012874931765096,0.4,382
7812,math,F,G,0.9,0.836106801678711,0.9,146
7813,math,J,C,1.0,0.7682253766905531,,1094
7814,math,J,J,0.0,0.789729014101943,0.9,187
7815,math,F,E,0.98,0.8337626757759574,0.98,222
7816,math,G,E,1.0,0.9096787782694707,1.0,39
7817,math,E,E,1.0,0.8942991980354262,0.0,90
7818,math,F,D,1.0,0.9133996943943398,0.0,307
7819,math,B,B,1.0,0.7692732322935067,1.0,145
7820,math,J,G,1.0,0.816601474377341,0.0,126
7821,math,I,C,0.9,0.8223694881939221,0.7,163
7822,math,I,D,1.0,0.8747321465802046,0.9,156
7823,math,A,C,0.9,0.8634601540015833,1.0,69
7824,math,G,G,0.95,0.8013345886748475,0.95,67
7825,math,B,C,0.95,0.7630161257501412,0.95,121
7826,math,H,H,0.3,0.775277863916154,0.0,230
7827,math,J,E,0.95,0.8508371756115841,0.95,187
7828,math,F,B,0.65,0.7126917218284415,0.65,128
7829,math,D,D,0.95,0.8501083901584338,0.95,67
7830,math,E,B,0.9,0.841566388985996,0.8,288
7831,math,D,D,0.85,0.8369902451223851,0.9,182
7832,math,D,D,0.95,0.9682019797756716,0.95,212
7833,math,H,B,1.0,0.8965443819640693,0.55,52
7834,math,G,A,1.0,0.8883168956764862,0.9,70
7835,math,D,D,0.95,0.8915133590551347,0.95,68
7836,math,F,F,1.0,0.8526166662667135,1.0,57
7837,math,E,A,0.95,0.8535253520742352,0.95,150
7838,math,B,B,1.0,0.8911572883360195,1.0,149
7839,math,C,A,1.0,0.9387177585776072,0.0,30
7840,math,D,D,1.0,0.8901117033195891,1.0,139
7841,math,C,C,1.0,0.9009016410553975,1.0,92
7842,math,E,A,0.95,0.9155635219939285,0.95,57
7843,math,D,D,1.0,0.9558692264860233,1.0,77
7844,math,F,F,1.0,0.8991597743021778,1.0,54
7845,math,I,D,1.0,0.8297619098452257,1.0,484
7846,math,D,D,1.0,0.8674517895500982,1.0,72
7847,math,I,I,1.0,0.9216392189298952,1.0,85
7848,math,C,C,1.0,0.9258353741528709,1.0,78
7849,math,J,B,1.0,0.9361619958820356,0.0,91
7850,math,B,C,1.0,0.9235969746014997,1.0,128
7851,math,A,C,1.0,0.8587728196854119,1.0,130
7852,math,H,D,1.0,0.9194925662547622,0.0,67
7853,math,I,I,1.0,0.8142501690460126,0.0,404
7854,math,G,H,0.9,0.8169935333889199,0.85,219
7855,math,D,D,0.95,0.8149451516495002,0.95,90
7856,math,E,H,0.1,0.8301667174307827,0.1,208
7857,math,A,D,0.99,0.7743787334854801,0.9,177
7858,math,D,,0.3,0.6749007384200382,0.4,263
7859,math,I,C,0.95,0.7972054903638164,0.95,163
7860,math,D,G,1.0,0.8843490014826959,1.0,141
7861,math,G,,0.0,0.8708086754012058,0.4,192
7862,math,J,G,1.0,0.8509412040364828,0.0,332
7863,math,A,D,0.92,0.8556150804935605,0.6,315
7864,math,H,H,1.0,0.9191303755175406,1.0,70
7865,math,D,D,1.0,0.9244891843237878,1.0,205
7866,math,B,B,1.0,0.9031416756457963,1.0,72
7867,math,B,I,0.95,0.8924872240087837,0.5,190
7868,math,D,D,1.0,0.9275241637598509,1.0,162
7869,math,G,B,1.0,0.8786149304402959,0.0,215
7870,math,H,D,0.99,0.8846020503225767,0.0,142
7871,math,J,B,1.0,0.8537701792446013,0.0,83
7872,math,B,B,1.0,0.8961669862157831,1.0,107
7873,math,B,D,0.95,0.8140355353794739,0.95,62
7874,math,I,I,1.0,0.9241322481187431,1.0,168
7875,math,D,G,0.99,0.8180777919099153,0.99,300
7876,math,D,B,0.95,0.7805519841044684,0.0,112
7877,math,C,C,0.95,0.7380548121224026,0.95,114
7878,math,E,E,1.0,0.9301428588475366,1.0,454
7879,math,B,C,0.9,0.7781679973157776,0.2,102
7880,math,B,B,1.0,0.8954148216365851,1.0,257
7881,math,B,G,0.92,0.9008333558262908,0.7,618
7882,math,A,A,1.0,0.8749046194994207,0.0,861
7883,math,E,B,0.99,0.8026426134903003,0.9,145
7884,math,I,E,1.0,0.8817283015705568,0.0,100
7885,math,D,B,0.95,0.8004898686540283,0.0,132
7886,math,H,,1.0,0.81264089079213,1.0,159
7887,math,G,D,0.95,0.8676191843135302,0.95,77
7888,math,E,,1.0,0.8307168922834367,0.9,89
7889,math,G,I,0.9,0.6874030619142347,0.9,239
7890,math,F,G,0.95,0.8476176329694004,0.95,118
7891,math,J,I,1.0,0.852697121228627,0.95,351
7892,math,E,H,0.85,0.7854402446891671,0.85,73
7893,math,B,B,1.0,0.8291926462664919,0.9,173
7894,math,G,H,0.95,0.8984885989179633,0.95,462
7895,math,A,A,0.95,0.7676693176226397,0.95,189
7896,math,F,B,0.95,0.8444934573179823,0.95,190
7897,math,C,H,0.99,0.8134236237450776,0.0,192
7898,math,C,G,1.0,0.8269528843228461,0.8,67
7899,math,B,A,0.95,0.7441630752957592,0.7,125
7900,math,E,E,1.0,0.8825086890613179,1.0,170
7901,math,A,D,0.8,0.8220160013417257,0.0,323
7902,math,E,,1.0,0.8441262344184688,0.9,233
7903,math,A,E,1.0,0.8551679954300819,0.7,69
7904,math,C,B,0.9,0.5873732153610899,0.1,498
7905,math,C,G,0.8,0.7282455329549121,0.0,160
7906,math,D,C,0.95,0.8504779897913801,0.95,119
7907,math,E,A,1.0,0.8707546666570473,0.9666666666666667,118
7908,math,C,,1.0,0.8272083062366309,1.0,337
7909,math,B,A,0.9,0.7990666880810595,0.1,112
7910,math,F,F,0.95,0.787205310850316,0.95,138
7911,math,H,H,0.95,0.8372925862463146,0.95,208
7912,math,D,C,1.0,0.8767012267992096,0.0,204
7913,math,J,B,1.0,0.8674893625270707,0.95,468
7914,math,D,H,1.0,0.8892440077087996,1.0,124
7915,math,J,C,0.95,0.779775417021549,0.8,236
7916,math,A,,0.41,0.8512529919432605,0.4,247
7917,math,A,D,1.0,0.8800186361706397,0.8,201
7918,math,C,E,0.9,0.8798158169144279,0.0,174
7919,math,J,D,0.98,0.7486817077465971,0.98,134
7920,math,D,H,1.0,0.784601016137335,0.0,90
7921,math,C,B,0.9,0.7581873781496969,0.7,107
7922,math,C,C,0.9,0.7967261198653527,0.9,166
7923,math,C,E,0.85,0.7365945765201227,0.85,85
7924,math,D,D,0.94,0.8632412339296704,0.9,85
7925,math,E,E,1.0,0.8170459371379618,1.0,329
7926,math,F,F,0.95,0.8750485095319719,0.95,202
7927,math,D,D,0.9,0.824622101392236,0.9,48
7928,math,B,B,0.95,0.7411628751291296,0.95,99
7929,math,B,E,0.98,0.8354193882978836,0.95,106
7930,math,H,C,0.95,0.7846028241812649,0.7,132
7931,math,C,B,1.0,0.6887978384083321,1.0,643
7932,math,B,B,0.85,0.8075276440854157,0.8,103
7933,math,I,F,1.0,0.8949088589261477,0.8999999999999999,66
7934,math,H,H,0.95,0.9159033014595948,0.95,173
7935,math,H,A,1.0,0.7218866114262067,1.0,129
7936,math,I,I,0.95,0.8700653574779439,0.95,64
7937,math,J,C,0.9,0.7786757424921411,0.9,104
7938,math,G,G,0.85,0.7801390167761176,0.85,91
7939,math,J,J,0.9,0.792541109501909,1.0,54
7940,math,B,B,1.0,0.9249927303755973,1.0,52
7941,math,C,C,1.0,0.9304731806948493,1.0,39
7942,math,B,C,1.0,0.8580376014653093,0.0,78
7943,math,G,G,0.9,0.8723315038371081,1.0,60
7944,math,E,J,0.95,0.8246148329308371,0.95,66
7945,math,H,C,0.9,0.8622833252829649,0.0,100
7946,math,G,G,1.0,0.9608554216800805,1.0,122
7947,math,J,E,1.0,0.9302606987840912,0.5,78
7948,math,J,J,1.0,0.8725432190806284,1.0,92
7949,math,D,D,0.95,0.9118252354317845,0.95,91
7950,math,D,D,1.0,0.8871723343527119,1.0,66
7951,math,D,D,0.95,0.8675999849547519,0.95,132
7952,math,H,D,1.0,0.883411011484166,0.0,71
7953,math,J,G,1.0,0.8862786167027445,0.0,39
7954,math,B,B,0.9,0.9342354133207803,1.0,225
7955,math,A,A,1.0,0.9278574385614274,1.0,123
7956,math,C,C,1.0,0.8258849829035543,1.0,63
7957,math,A,B,0.9,0.8989283798153223,0.4,73
7958,math,D,D,1.0,0.8821192301184904,1.0,83
7959,math,G,G,1.0,0.9023779734693167,1.0,80
7960,math,D,D,1.0,0.9302299222211806,1.0,108
7961,math,I,I,1.0,0.880908632295512,1.0,79
7962,math,D,B,1.0,0.8992428519007767,0.42500000000000004,67
7963,math,F,H,0.95,0.8631307529099395,0.95,78
7964,math,H,,0.98,0.8305013731249448,0.0,257
7965,math,I,A,1.0,0.8764188908311562,0.0,114
7966,math,A,C,0.75,0.7815106321173859,0.9,108
7967,math,F,F,1.0,0.9214104975401384,1.0,27
7968,math,E,D,0.95,0.7875123997559442,0.95,145
7969,math,D,H,1.0,0.7875013316241205,0.0,125
7970,math,C,B,1.0,0.8389629669709961,0.0,280
7971,math,H,B,0.95,0.7727367806764828,0.0,128
7972,math,C,G,1.0,0.82509480890807,0.7,223
7973,math,C,C,0.95,0.7563523441194762,0.95,237
7974,math,B,G,0.95,0.822465979221032,0.0,144
7975,math,C,C,1.0,0.9071816740948832,1.0,75
7976,math,B,D,1.0,0.9020094782013008,0.0,65
7977,math,F,,1.0,0.8373813377360615,0.9,77
7978,math,H,C,0.95,0.8487191956886382,0.95,97
7979,math,A,C,0.98,0.8158118128092925,0.0,142
7980,math,I,H,0.9,0.8891345089435939,0.0,215
7981,math,I,I,1.0,0.9246123883800139,1.0,55
7982,math,G,A,0.95,0.8112908600686991,0.0,67
7983,math,J,F,1.0,0.8617809879913197,0.0,60
7984,math,I,B,1.0,0.8752498537845464,0.4,47
7985,math,D,D,0.95,0.831179986530346,0.95,92
7986,math,B,J,0.45,0.8305934776521238,0.0,150
7987,math,F,F,1.0,0.8226047486383673,1.0,175
7988,math,D,D,0.98,0.9122634928100046,0.95,275
7989,math,I,E,1.0,0.8863772895063002,1.0,119
7990,math,F,C,1.0,0.8051522071630807,0.8,123
7991,math,D,I,0.9,0.7617632353556156,0.4,255
7992,math,D,H,0.9,0.8380820715391888,0.0,169
7993,math,A,G,0.85,0.8409927932186889,0.85,70
7994,math,I,C,0.95,0.8145703273633326,0.95,168
7995,math,E,G,0.95,0.8947773223962048,0.0,70
7996,math,D,,1.0,0.7955747842598068,0.5,160
7997,math,G,G,1.0,0.90510267081354,1.0,83
7998,math,A,,1.0,0.9150297731735206,0.4,186
7999,math,I,I,0.99,0.7874136764871389,0.995,91
8000,math,C,F,0.99,0.8463615251621439,0.99,457
8001,math,H,B,1.0,0.9087114111821036,0.0,128
8002,math,F,I,0.9,0.7453185854968708,0.0,188
8003,math,E,,0.9,0.7895213467725997,0.9,96
8004,math,I,D,0.9,0.8881476636186991,0.8,242
8005,math,G,E,1.0,0.9014947981231085,1.0,343
8006,math,A,E,0.9,0.9153957219362441,0.9,511
8007,math,C,D,1.0,0.8381632822908125,0.0,148
8008,math,G,A,0.98,0.9115789682961364,0.0,114
8009,math,H,G,0.9,0.8208035466040128,0.9,101
8010,math,J,A,0.9,0.7955646239946463,0.9,247
8011,math,I,,1.0,0.799945249657702,1.0,138
8012,math,E,E,1.0,0.8926716469827808,1.0,100
8013,math,C,C,1.0,0.8842460050262049,0.9,145
8014,math,J,C,0.95,0.8349128283465655,0.8,269
8015,math,F,H,0.95,0.8491991517787473,0.9,130
8016,math,A,A,1.0,0.808464049342154,1.0,86
8017,math,E,D,0.95,0.8701776860880491,0.95,206
8018,math,D,B,0.9,0.766396761466832,0.9,83
8019,math,A,G,0.9,0.7437146641640741,1.0,91
8020,math,B,H,0.95,0.9157497819508796,0.95,177
8021,math,B,D,0.8,0.8968633428779563,0.2,536
8022,math,E,B,1.0,0.8580948425309662,0.0,96
8023,math,G,G,1.0,0.9019636416720616,1.0,273
8024,math,C,C,1.0,0.8911739155386962,1.0,209
8025,math,B,G,0.9,0.8539884674006457,0.0,493
8026,math,A,B,0.9,0.8342828713759528,0.0,114
8027,math,I,E,0.95,0.8512695561134374,0.6,374
8028,math,B,F,0.9,0.7428843479516629,0.7,122
8029,math,B,A,0.95,0.8347591831687469,0.4,311
8030,math,B,B,1.0,0.821840509020433,0.9,273
8031,math,A,F,0.95,0.8245116705885442,0.95,257
8032,math,A,B,0.95,0.8555005106796862,0.9,199
8033,math,D,C,1.0,0.8423169989548135,0.9,265
8034,math,J,E,0.85,0.9034850534577151,0.0,294
8035,math,B,B,1.0,0.8483960383832398,1.0,82
8036,math,A,B,0.9,0.8957738985863555,0.9,57
8037,math,B,A,0.9,0.8980819286881473,0.4,159
8038,math,A,A,0.97,0.9248201060788304,0.97,190
8039,math,A,A,0.95,0.7904799412667158,0.95,123
8040,math,A,C,1.0,0.847313251443998,0.0,421
8041,math,C,H,1.0,0.8003959945057526,1.0,153
8042,math,I,J,0.9,0.8189488785484053,0.9,112
8043,math,A,B,0.85,0.8350772897027215,0.8,106
8044,math,G,G,0.9,0.6574893059051602,0.9,229
8045,math,E,A,0.95,0.7621526515788707,0.95,50
8046,math,F,D,0.9,0.827099754668537,0.0,97
8047,math,I,I,1.0,0.8918254972634827,1.0,163
8048,math,D,J,0.9,0.7259383360091394,0.9,74
8049,math,B,H,0.95,0.6960594374027522,0.0,190
8050,math,D,H,0.85,0.8709112490636621,0.8,223
8051,math,A,I,0.9,0.8897397630022811,0.8,85
8052,math,C,C,0.8,0.8682254527835042,1.0,62
8053,math,E,E,1.0,0.894147281385917,1.0,108
8054,math,D,D,1.0,0.9163380194530731,1.0,66
8055,math,H,A,0.8,0.8713198018936795,0.5,67
8056,math,C,C,1.0,0.921731056105741,1.0,108
8057,math,E,E,1.0,0.9139340150708377,1.0,108
8058,math,I,D,0.9,0.8341950123749758,0.5,78
8059,math,J,E,0.95,0.880966373830348,0.0,59
8060,math,H,B,0.95,0.8674374042551609,0.0,98
8061,math,F,B,1.0,0.9076748691057208,1.0,44
8062,math,D,D,0.95,0.8413976497005133,0.95,155
8063,math,D,E,0.97,0.8912581976766486,0.97,70
8064,math,G,E,1.0,0.8106132178344125,0.0,109
8065,math,F,F,1.0,0.852899805026251,1.0,96
8066,math,J,D,1.0,0.8584257087906081,0.0,87
8067,math,D,H,0.9,0.8642985178892687,0.9,126
8068,math,A,E,0.9,0.9339002147581426,0.0,33
8069,math,C,C,0.95,0.711102885379369,0.95,297
8070,math,C,B,1.0,0.8838343639449161,1.0,147
8071,math,J,C,0.9,0.8272389544379938,0.0,58
8072,math,E,C,0.98,0.8155418907764184,0.735,161
8073,math,F,C,0.9,0.8872591061959404,0.7,91
8074,math,E,J,1.0,0.9304930878188735,0.0,33
8075,math,H,H,1.0,0.9134368342357523,0.9,53
8076,math,E,E,1.0,0.940294733148666,1.0,79
8077,math,E,F,0.95,0.8576422461527141,0.0,89
8078,math,B,B,1.0,0.9051177437027865,1.0,62
8079,math,F,A,1.0,0.9461857978434658,0.0,41
8080,math,J,J,1.0,0.9037997217103745,1.0,68
8081,math,H,D,1.0,0.8931629585544727,1.0,58
8082,math,G,H,0.95,0.9181116261403227,0.3333333333333333,52
8083,math,A,F,0.98,0.7399707829826673,0.0,188
8084,math,J,H,0.95,0.845821431837807,0.95,164
8085,math,F,A,0.85,0.7731854445428555,0.85,200
8086,math,B,G,1.0,0.8737017143625955,0.38,185
8087,math,A,C,1.0,0.7163364026616638,0.0,245
8088,math,B,,1.0,0.8627356358566681,0.0,142
8089,math,A,A,0.9,0.8863534988003102,1.0,56
8090,math,C,I,1.0,0.915107643859508,0.0,179
8091,math,A,A,1.0,0.8900974369728438,1.0,169
8092,math,A,F,1.0,0.8605074888238676,0.0,70
8093,math,G,G,1.0,0.9421573650929935,1.0,120
8094,math,F,E,0.5,0.6685942678512704,0.2,340
8095,math,F,D,0.95,0.9193618742668008,0.7,363
8096,math,B,B,0.95,0.9218232855747703,0.95,138
8097,math,D,C,0.95,0.8741821522863892,0.0,50
8098,math,H,D,0.95,0.761127533746842,0.4,215
8099,math,F,F,1.0,0.928150953491713,1.0,122
8100,math,F,A,0.8,0.7374845048474405,0.8,556
8101,math,J,A,0.98,0.841333663752892,0.9,127
8102,math,D,,0.95,0.8431763627536044,0.95,203
8103,math,F,A,0.99,0.8966842236923827,0.0,95
8104,math,E,C,0.9,0.8743965683629747,1.0,236
8105,math,A,A,1.0,0.8873300381283038,1.0,107
8106,math,J,B,0.99,0.861372221234038,1.0,132
8107,math,A,I,0.0,0.8366442196002352,0.0,244
8108,math,I,I,0.9,0.7775307406239597,0.9,180
8109,math,B,J,0.0,0.6878809587724436,0.0,116
8110,math,C,G,0.9,0.762990752355249,0.6,344
8111,math,A,A,1.0,0.8883267989713087,1.0,206
8112,math,J,I,0.95,0.8708954129837185,0.95,67
8113,math,G,J,0.9,0.8470385744651235,0.1,225
8114,math,A,B,1.0,0.8210508930471087,0.95,129
8115,math,F,E,0.9,0.9024568058350819,0.9,104
8116,math,D,D,1.0,0.9215749737908845,1.0,227
8117,math,J,A,0.95,0.7267047367821744,0.95,564
8118,math,I,I,1.0,0.8724443672232203,1.0,71
8119,math,J,I,0.97,0.8845761934187732,0.97,61
8120,math,H,B,1.0,0.8038430286025429,0.0,138
8121,math,H,H,1.0,0.9427729643087369,1.0,101
8122,math,C,I,1.0,0.8769877565236541,0.8,584
8123,math,I,I,1.0,0.8175503657713906,1.0,315
8124,math,E,F,0.75,0.867295121488277,0.9,231
8125,math,J,D,0.98,0.908917689763565,0.9,337
8126,math,B,D,0.9,0.8006040944859608,0.4,214
8127,math,A,A,0.99,0.9008396889105322,1.0,89
8128,math,E,D,0.95,0.8694365830127486,0.95,114
8129,math,D,I,0.9,0.872295209811964,0.0,535
8130,math,I,,0.95,0.7023306891341535,0.95,163
8131,math,J,I,0.8,0.8014446899975483,0.8,309
8132,math,I,G,0.75,0.7824425248245835,0.6,303
8133,math,B,B,0.95,0.7649668016995922,0.95,120
8134,math,D,C,0.95,0.8536702612654821,0.0,198
8135,math,I,C,0.95,0.6831197749703398,0.95,303
8136,math,D,E,1.0,0.8557387028228627,0.0,208
8137,math,A,A,0.95,0.8829311660984425,0.95,188
8138,math,A,D,0.95,0.899640632819908,0.0,135
8139,math,F,B,0.95,0.8401176335673417,0.95,218
8140,math,B,E,0.1,0.8937129151719003,0.8,413
8141,math,I,B,0.95,0.8796245808576869,0.0,177
8142,math,C,G,0.9,0.8102359518243027,0.0,96
8143,math,H,H,0.99,0.8377586714240403,0.8,94
8144,math,I,D,1.0,0.8628155992584703,0.8,81
8145,math,J,F,1.0,0.8103698643157154,1.0,138
8146,math,G,E,0.95,0.7811930996234345,0.8,115
8147,math,C,I,0.99,0.8084486243569329,0.7,150
8148,math,H,A,1.0,0.8384255358484679,0.8,129
8149,math,H,G,0.8,0.7121618875234743,0.8,50
8150,math,A,A,1.0,0.7891574266668899,1.0,87
8151,math,D,H,0.9,0.8522615366153165,0.0,71
8152,math,A,A,0.9,0.7452054643212327,1.0,99
8153,math,I,I,0.9,0.811313453113578,0.9,141
8154,math,A,A,0.8,0.8536385298157183,0.8,98
8155,math,B,F,1.0,0.7210136228586054,1.0,204
8156,math,A,F,0.95,0.759888521839893,0.8,143
8157,math,D,J,0.92,0.8366326307745676,0.9,108
8158,math,C,B,0.99,0.876057208909332,0.0,126
8159,math,A,E,0.8,0.9154457123190755,0.9,64
8160,math,D,B,1.0,0.8772962795656287,1.0,31
8161,math,B,B,1.0,0.8861234072204166,1.0,67
8162,math,D,D,1.0,0.9466498720360272,1.0,37
8163,math,I,I,1.0,0.8882435407356587,1.0,53
8164,math,J,C,1.0,0.8895811027692343,0.0,83
8165,math,B,B,1.0,0.9493384846818226,1.0,112
8166,math,E,E,1.0,0.9326914237863798,1.0,55
8167,math,G,G,0.95,0.9623977095876015,0.95,231
8168,math,B,B,1.0,0.8651591214704227,1.0,35
8169,math,F,H,0.98,0.8880485776720588,0.0,104
8170,math,F,A,1.0,0.9304567572799985,0.475,118
8171,math,F,B,1.0,0.9136946342565148,0.0,68
8172,math,E,E,1.0,0.9445854653818343,1.0,53
8173,math,H,H,1.0,0.8761353986872261,1.0,46
8174,math,C,C,0.95,0.9352818073827242,0.95,52
8175,math,A,C,1.0,0.8568004058870237,0.0,75
8176,math,G,B,0.99,0.8498202676892102,0.0,57
8177,math,J,A,0.95,0.885129389493571,0.0,67
8178,math,I,J,1.0,0.8066812484766172,0.0,88
8179,math,D,C,1.0,0.9471946095369648,1.0,273
8180,math,G,A,1.0,0.8998622629543231,1.0,53
8181,math,A,A,0.9,0.7375028491750235,0.9,106
8182,math,E,E,0.9,0.7265198426170876,0.7,221
8183,math,G,I,0.95,0.7249103631530199,0.95,227
8184,math,D,A,0.9,0.8818000693995086,0.9,243
8185,math,H,A,0.95,0.7312741246832278,0.95,157
8186,math,B,B,1.0,0.9296293135305389,1.0,370
8187,math,C,A,0.95,0.6999179038723602,0.95,137
8188,math,I,B,1.0,0.8580694888364978,1.0,154
8189,math,E,C,1.0,0.8882139518949721,0.0,82
8190,math,G,G,0.9,0.8573622434281283,0.9,151
8191,math,G,B,1.0,0.872754400075958,0.4,60
8192,math,C,C,0.95,0.873546778293297,0.95,99
8193,math,G,F,1.0,0.83868380287374,0.0,76
8194,math,I,D,0.92,0.8788755766627571,0.8,104
8195,math,H,E,0.0,0.7766100532506055,0.7,388
8196,math,I,E,0.95,0.7587283183493438,0.95,144
8197,math,D,B,1.0,0.7921683597353187,0.7,157
8198,math,D,D,0.9,0.903573894485235,1.0,157
8199,math,C,B,1.0,0.9256411707004011,1.0,174
8200,math,A,A,1.0,0.8569854123665456,1.0,106
8201,math,B,B,0.9,0.882339855332985,1.0,131
8202,math,G,J,0.95,0.8627924427470439,0.2,285
8203,math,A,A,0.95,0.8599663761710067,0.95,209
8204,math,F,A,0.88,0.8576041909677695,0.0,455
8205,math,G,B,1.0,0.9066925912845685,0.9,225
8206,math,A,A,1.0,0.7980329106385748,0.0,354
8207,math,B,B,1.0,0.9149497381164473,1.0,281
8208,math,G,D,0.92,0.8261313054652383,0.4,160
8209,math,D,A,0.95,0.8606719542833693,0.0,47
8210,math,F,C,0.95,0.8759876545781271,0.95,114
8211,math,A,A,0.9,0.897372613357918,0.9,182
8212,math,E,B,1.0,0.9354850960760641,0.6666666666666666,124
8213,math,J,E,0.98,0.8038979674149496,0.98,284
8214,math,G,G,1.0,0.8635545055508088,1.0,221
8215,math,C,G,0.85,0.8216902439154875,0.0,103
8216,math,C,,1.0,0.7702781553021742,1.0,63
8217,math,D,C,0.95,0.8399122522601629,0.95,178
8218,math,H,A,0.98,0.9043890284344084,0.0,66
8219,math,F,G,0.95,0.712971098782267,0.95,120
8220,math,C,C,0.5,0.879004853902678,1.0,180
8221,math,B,C,0.9,0.7914881625847204,0.0,104
8222,math,I,E,0.95,0.7689580860308435,0.95,177
8223,math,A,,1.0,0.8821135952097482,1.0,262
8224,math,G,D,0.95,0.8076467863621912,0.95,134
8225,math,D,C,0.9,0.9057281574791256,0.9,79
8226,math,E,D,0.9,0.8044172841459011,0.8,122
8227,math,E,B,1.0,0.8349836061124587,0.8,144
8228,math,H,,1.0,0.8049668135596468,1.0,394
8229,math,J,B,1.0,0.8824405720438027,1.0,181
8230,math,E,F,1.0,0.7491402307911773,0.9,159
8231,math,C,B,1.0,0.7574758726590295,1.0,127
8232,math,B,B,0.9,0.8343909254932499,0.4,81
8233,math,B,G,0.7,0.6730312998897787,0.4,115
8234,math,J,C,0.9,0.6809468322823024,0.4,106
8235,math,G,C,0.9,0.7358309594763436,0.9,267
8236,math,F,G,0.75,0.619797302181434,0.6,205
8237,math,B,B,1.0,0.8223475053608822,1.0,94
8238,math,F,,1.0,0.8675436700766349,0.0,321
8239,math,E,E,1.0,0.904830370269568,1.0,366
8240,math,C,B,0.89,0.8358518988793137,0.8,234
8241,math,E,,1.0,0.8722863570619381,0.0,489
8242,math,G,B,0.95,0.8528117583852138,0.95,144
8243,math,C,G,0.95,0.8814084103415093,0.95,192
8244,math,G,D,0.95,0.8653843990889678,0.95,271
8245,math,E,E,0.98,0.8975592615340551,0.9,208
8246,math,G,H,0.92,0.8163177784042653,0.9,156
8247,math,J,A,1.0,0.8850806261408308,1.0,47
8248,math,J,F,0.9,0.7481696271046431,0.0,141
8249,math,F,I,0.9,0.782570267666219,0.9,161
8250,math,I,E,0.9,0.793846925123939,0.9,177
8251,math,G,C,0.6,0.7657464409945505,0.6,124
8252,math,B,G,0.95,0.851792471441356,0.0,107
8253,math,B,B,1.0,0.8619619676872923,1.0,72
8254,math,A,A,0.95,0.7933025083453218,0.95,84
8255,math,D,E,0.85,0.7796950527726241,0.85,130
8256,math,A,E,1.0,0.6651496808800901,1.0,827
8257,math,A,A,0.9,0.7821478082422366,0.9,76
8258,math,A,I,0.3,0.8295758484668756,0.3,235
8259,math,G,G,0.9,0.8108209272832337,0.9,51
8260,math,J,B,0.8,0.7223515634643927,0.8,164
8261,math,D,B,0.9,0.9248692943504455,0.7,227
8262,math,G,B,0.95,0.8686497170671391,1.0,132
8263,math,G,G,0.95,0.9322638402383859,1.0,51
8264,math,H,A,1.0,0.9155764418044063,0.0,51
8265,math,D,E,1.0,0.9537636490329209,0.0,46
8266,math,J,,1.0,0.9150972968068998,1.0,105
8267,math,F,C,0.9,0.8197565495992647,0.0,109
8268,math,B,B,1.0,0.9100091211915041,1.0,79
8269,math,H,C,1.0,0.8931681957588623,1.0,93
8270,math,C,C,1.0,0.8805061376326888,1.0,85
8271,math,J,E,0.8,0.910032066545484,0.4,79
8272,math,G,G,1.0,0.9175706198819147,1.0,58
8273,math,E,H,1.0,0.9339095577874151,0.9,54
8274,math,H,D,0.99,0.9035087465872632,0.0,58
8275,math,A,A,0.95,0.8699579034671645,1.0,112
8276,math,I,D,1.0,0.8606285697191185,0.9,84
8277,math,H,G,0.92,0.7582988443696429,0.0,160
8278,math,E,E,0.9,0.770397493672125,0.9,40
8279,math,C,C,0.8,0.9545722660140165,1.0,55
8280,math,C,C,1.0,0.9152641995479552,1.0,119
8281,math,E,C,1.0,0.9014631560898796,1.0,97
8282,math,B,B,0.95,0.8632737913018992,0.95,101
8283,math,B,B,0.95,0.9068402026911958,1.0,127
8284,math,H,C,0.95,0.9201941424395097,0.0,49
8285,math,C,B,1.0,0.9243113616568791,0.9,55
8286,math,A,H,1.0,0.8376116124659276,0.95,107
8287,math,B,B,0.9,0.8707782617143787,1.0,253
8288,math,G,H,1.0,0.8444512478776242,0.0,143
8289,math,B,,1.0,0.8691583247641196,0.9,171
8290,math,B,E,1.0,0.9319494956042818,0.9,162
8291,math,G,E,0.4,0.8346232994815536,0.4,250
8292,math,G,I,0.95,0.7963598337711186,0.0,415
8293,math,I,I,1.0,0.912976783274006,1.0,103
8294,math,I,A,1.0,0.9071937631895624,0.0,168
8295,math,B,I,0.98,0.7878122259186803,0.1,250
8296,math,D,C,0.9,0.8368164879291365,0.4,170
8297,math,H,F,1.0,0.8473042902604817,1.0,227
8298,math,D,A,0.95,0.7652067013881682,1.0,103
8299,math,H,C,1.0,0.8414643364727122,0.0,74
8300,math,B,B,0.98,0.8760798610183193,0.0,108
8301,math,G,G,1.0,0.9271211720024576,1.0,208
8302,math,G,G,0.95,0.9306970939940943,0.95,98
8303,math,I,G,1.0,0.8623419983738622,0.0,135
8304,math,D,G,1.0,0.8828424541516591,0.7,176
8305,math,F,D,0.8,0.8130592149845289,0.0,63
8306,math,H,E,0.99,0.9201338515763807,1.0,89
8307,math,J,E,0.95,0.833935746500029,0.9,104
8308,math,A,A,1.0,0.9086871765747053,0.9,71
8309,math,B,C,1.0,0.9336298630377898,0.0,89
8310,math,B,A,1.0,0.8787473510528269,1.0,160
8311,math,A,G,1.0,0.8732242065243102,0.0,97
8312,math,A,I,1.0,0.8408246236299081,0.6,319
8313,math,D,H,0.95,0.8923831112988567,0.4,89
8314,math,E,E,1.0,0.9484473075733182,1.0,252
8315,math,B,B,1.0,0.770103785574089,1.0,85
8316,math,B,J,0.95,0.8236330049355166,0.0,65
8317,math,J,G,0.95,0.7411661169715646,0.9,88
8318,math,D,B,0.99,0.838006031434686,1.0,110
8319,math,D,D,0.99,0.9444537246218406,0.99,526
8320,math,C,D,0.9,0.8657166407410428,1.0,166
8321,math,E,C,0.95,0.8021391544601462,0.95,144
8322,math,A,E,0.92,0.7864334671934019,0.1,336
8323,math,I,E,0.85,0.8315047654930886,0.85,158
8324,math,G,D,1.0,0.8345149881186524,0.0,48
8325,math,F,B,1.0,0.8552828245297386,0.0,85
8326,math,H,C,0.9,0.8286512217981518,0.4,89
8327,math,G,A,0.9,0.8778728176215335,0.9,236
8328,math,E,B,0.4,0.7369580581560196,0.0,169
8329,math,F,D,0.95,0.7730015173708346,0.0,118
8330,math,J,C,0.98,0.8508139342823052,0.98,486
8331,math,J,C,0.9,0.767670285879377,0.4,385
8332,math,G,E,0.95,0.8470825637451292,0.9,150
8333,math,E,B,0.95,0.8609364174140994,0.95,54
8334,math,D,B,0.8,0.7293769567216586,0.4,580
8335,math,F,,0.9,0.869108353595151,0.0,184
8336,math,H,I,0.65,0.707179720438949,0.65,182
8337,math,J,D,1.0,0.8393937591350223,1.0,244
8338,math,A,D,0.8,0.690529523770209,0.6,319
8339,math,J,G,0.95,0.8672680061417858,0.95,363
8340,math,I,J,0.95,0.9454171260369809,0.95,586
8341,math,F,J,0.2,0.9109087887284145,0.0,200
8342,math,D,D,1.0,0.8418460117202302,0.9,192
8343,math,B,C,0.9,0.8720458970681261,0.9,160
8344,math,C,B,0.75,0.8506973131348087,0.6,250
8345,math,H,H,0.8,0.7592308600496741,0.8,245
8346,math,E,B,1.0,0.8750096796770731,0.95,432
8347,math,G,B,0.92,0.8001418274899319,0.92,114
8348,math,J,B,1.0,0.8047062410831106,1.0,103
8349,math,F,I,0.95,0.8444628874300826,0.9,143
8350,math,B,B,0.95,0.8168411317180057,0.9,252
8351,math,H,A,1.0,0.7935460467684361,0.0,70
8352,math,J,B,1.0,0.7962008720043484,0.2,84
8353,math,I,A,0.95,0.8093674277933632,0.4,116
8354,math,D,C,0.85,0.7601625412138657,0.15,111
8355,math,B,B,0.9,0.8435475859699089,0.9,127
8356,math,F,F,1.0,0.8792238896800748,0.9,67
8357,math,D,C,0.95,0.7943338040520876,1.0,93
8358,math,H,H,0.9,0.9316149095430862,0.9,244
8359,math,C,E,0.9,0.7717670048782719,0.0,106
8360,math,B,B,0.95,0.900742544597281,0.9,73
8361,math,I,J,0.9,0.7336010065193423,0.4,73
8362,math,J,J,1.0,0.8373253712189481,1.0,91
8363,math,J,J,0.95,0.9028101278261106,1.0,201
8364,math,H,,1.0,0.8409574812272747,0.0,340
8365,math,C,C,0.95,0.8662840614404351,0.95,91
8366,math,H,H,0.9,0.7460684976139346,0.9,113
8367,math,G,F,0.9,0.833628673877896,0.9,105
8368,math,H,H,1.0,0.7005590639443326,0.9,120
8369,math,H,G,0.9,0.8033432753488233,0.0,98
8370,math,B,B,0.9,0.8956908964125081,1.0,95
8371,math,A,B,1.0,0.9530695427141522,0.9,55
8372,math,B,A,1.0,0.9057699877793842,0.0,49
8373,math,B,B,1.0,0.9022098187373658,1.0,49
8374,math,C,B,0.95,0.8856748003271997,0.95,61
8375,math,G,G,1.0,0.8989849172327805,1.0,73
8376,math,G,G,1.0,0.9200137992777989,1.0,71
8377,math,G,B,1.0,0.8808575485075589,0.0,60
8378,math,D,D,1.0,0.9128800860594696,1.0,49
8379,math,B,J,1.0,0.8186795287663354,0.0,136
8380,math,C,C,0.9,0.8640564379037878,1.0,100
8381,math,I,A,1.0,0.9264988164908284,0.0,69
8382,math,J,H,1.0,0.8940309807192615,0.0,73
8383,math,F,B,1.0,0.9108153229813569,0.5,81
8384,math,C,C,1.0,0.9150473934567291,1.0,55
8385,math,D,D,1.0,0.9113568564424182,1.0,149
8386,math,H,J,0.9,0.7464882284939888,0.9,243
8387,math,B,D,0.9,0.7666126278688583,0.0,483
8388,math,F,F,1.0,0.8289428606243662,1.0,108
8389,math,H,A,0.95,0.8239447821929353,0.4,282
8390,math,J,B,0.9,0.7933158161149795,0.9,124
8391,math,C,B,0.9,0.8394379494857391,0.9,340
8392,math,I,G,0.9,0.8087954719243908,0.9,237
8393,math,J,E,0.95,0.875218335547287,0.95,437
8394,math,C,B,1.0,0.8655892438579041,1.0,120
8395,math,D,B,0.0,0.9253836235373972,0.0,135
8396,math,C,A,1.0,0.852678659215701,0.0,188
8397,math,F,F,1.0,0.9112407566179294,1.0,96
8398,math,C,I,1.0,0.916208183890616,0.0,62
8399,math,A,A,1.0,0.9362609216564627,1.0,151
8400,math,B,B,1.0,0.8504366916511816,0.8,69
8401,math,A,A,0.95,0.8393179396338771,0.95,90
8402,math,J,J,1.0,0.9171893602339662,1.0,222
8403,math,B,A,1.0,0.8359302249541051,0.0,122
8404,math,J,J,1.0,0.8816109482703909,1.0,115
8405,math,H,B,0.6,0.7179258469099515,0.0,359
8406,math,E,,1.0,0.9004488227535873,0.0,122
8407,math,H,J,0.82,0.8367829378144045,0.0,244
8408,math,D,D,1.0,0.9011560093869913,1.0,94
8409,math,E,F,1.0,0.8914627632691373,0.8,41
8410,math,C,D,1.0,0.8798690323016837,1.0,124
8411,math,J,,1.0,0.8883207378616598,0.0,797
8412,math,F,,0.95,0.8865597028974795,0.0,122
8413,math,B,A,0.95,0.8768203504181626,0.95,259
8414,math,G,G,0.9,0.878750181963997,0.9,333
8415,math,J,F,1.0,0.9364992636817303,0.0,183
8416,math,C,A,0.95,0.8239469859467917,0.0,231
8417,math,I,E,0.85,0.8952237800870084,0.85,442
8418,math,J,D,1.0,0.8647846270652467,0.9,417
8419,math,B,H,1.0,0.7251471220415937,0.0,249
8420,math,G,G,0.95,0.8840896595004291,0.95,126
8421,math,I,,0.1,0.7990571522398632,0.8,421
8422,math,I,D,0.8,0.5989208732863951,0.0,276
8423,math,I,G,0.9,0.7728203551965027,0.9,102
8424,math,I,,0.97,0.9036412146090395,0.97,286
8425,math,I,E,0.95,0.8895771178628592,0.6,196
8426,math,B,D,0.95,0.7596983415112069,0.95,289
8427,math,H,H,0.95,0.7891880132953624,1.0,119
8428,math,E,J,1.0,0.7009320418931021,0.6,275
8429,math,C,C,0.95,0.8906408037872545,0.95,91
8430,math,I,J,1.0,0.8622467712453314,0.8,357
8431,math,H,B,0.99,0.868327167392769,0.6,144
8432,math,G,G,1.0,0.9006848285807372,1.0,66
8433,math,F,A,0.0,0.8020838637025639,0.4,242
8434,math,B,B,1.0,0.8712320111763114,1.0,93
8435,math,G,I,0.8,0.8695020659150388,0.0,183
8436,math,F,C,0.8,0.7572477850000703,0.7,60
8437,math,F,A,1.0,0.9135389254693638,1.0,346
8438,math,I,D,0.95,0.7073173881407758,0.8,277
8439,math,G,E,0.95,0.7860246747463734,0.95,230
8440,math,I,J,0.9,0.7503939769047877,,1066
8441,math,H,C,0.85,0.7240957799854875,0.6,280
8442,math,A,A,1.0,0.8588089610628772,1.0,211
8443,math,J,E,0.98,0.8732256950497046,0.0,146
8444,math,J,J,0.8,0.863778899791623,0.9,346
8445,math,I,B,0.8,0.7970305046196048,1.0,471
8446,math,F,D,0.9,0.8786983740723099,0.8,235
8447,math,J,A,0.91,0.8522372960274196,0.0,300
8448,math,D,,0.5,0.7331191795328166,0.2,238
8449,math,J,G,0.98,0.8845841832910867,0.98,360
8450,math,F,B,0.95,0.8136083647929145,0.95,108
8451,math,C,C,0.85,0.7412473333744051,0.85,115
8452,math,B,C,0.0,0.8752943464705278,0.75,543
8453,math,A,J,0.8,0.7839388167653486,0.0,355
8454,math,D,J,0.75,0.8605012326439027,0.8,63
8455,math,F,G,0.95,0.8955414684695518,0.8,115
8456,math,J,D,1.0,0.9043637245841027,1.0,115
8457,math,E,,0.95,0.7878886237431969,0.6,184
8458,math,B,J,1.0,0.8689028346934552,1.0,312
8459,math,J,C,0.9,0.9122688933340888,1.0,221
8460,math,E,F,1.0,0.9149234453224746,0.0,429
8461,math,D,D,0.95,0.8659058775164828,0.95,292
8462,math,A,E,0.95,0.9322962855786145,0.475,77
8463,math,J,B,1.0,0.9484407837037768,0.8,203
8464,math,G,C,0.98,0.7966050546689736,0.0,156
8465,math,F,C,0.9,0.7749660541467955,1.0,81
8466,math,G,G,0.95,0.8147116196867081,0.95,167
8467,math,A,I,0.9,0.8701157404177665,0.5,85
8468,math,C,D,0.98,0.8915899034725253,0.0,406
8469,math,C,F,0.95,0.7885821607317115,0.95,122
8470,math,C,E,0.0,0.8397915486955808,0.0,207
8471,math,I,B,0.95,0.8331283422098957,0.95,113
8472,math,E,A,1.0,0.8232882314260955,0.0,128
8473,math,G,H,0.9,0.8003517480131068,1.0,62
8474,math,F,A,1.0,0.8087222296555389,1.0,361
8475,math,D,A,0.9,0.7702985384685245,0.9,279
8476,math,D,E,1.0,0.8281898249262386,0.8,73
8477,math,H,H,1.0,0.7906201839603286,1.0,59
8478,math,F,C,0.95,0.891162974446968,0.9,104
8479,math,G,A,0.9,0.8744594952502233,0.9,102
8480,math,C,C,0.9,0.8352675907818959,0.9,106
8481,math,F,J,1.0,0.828143799913005,0.95,199
8482,math,I,E,0.95,0.8820326528708659,0.95,422
8483,math,E,E,0.98,0.9402483689127176,0.8,300
8484,math,F,C,0.95,0.8223934603166545,0.8,146
8485,math,E,D,0.9,0.7905447451917978,0.9,122
8486,math,D,B,0.9,0.8532000792812523,0.7,221
8487,math,E,A,0.95,0.8643880969623764,0.4,126
8488,math,A,F,0.98,0.7254651894642422,0.98,110
8489,math,A,A,0.95,0.912287267600782,0.95,54
8490,math,A,H,1.0,0.8876894286455399,0.0,77
8491,math,I,E,1.0,0.8696636095156387,1.0,92
8492,math,G,J,0.95,0.9189826378885301,0.95,80
8493,math,C,C,0.95,0.8697231205986993,0.95,60
8494,math,I,C,1.0,0.95408616778069,0.0,125
8495,math,D,B,1.0,0.931587853532149,0.0,59
8496,math,A,A,1.0,0.8989811228652869,1.0,102
8497,math,A,A,0.95,0.8987114707816038,1.0,34
8498,math,D,B,1.0,0.9118919358573851,0.0,88
8499,math,I,H,0.99,0.87992776632783,0.0,87
8500,math,E,E,1.0,0.8947433895767282,1.0,45
8501,math,E,C,0.95,0.9038288958649288,0.0,38
8502,math,I,I,1.0,0.9463819274636944,1.0,39
8503,math,D,D,0.99,0.9521454573021059,1.0,49
8504,math,B,B,0.95,0.8553691205987256,1.0,112
8505,math,H,H,1.0,0.902921517397647,1.0,62
8506,math,F,D,1.0,0.9094768592788727,0.0,33
8507,math,D,D,0.98,0.9016942340109936,0.98,147
8508,math,B,H,0.98,0.7501409919416553,0.0,46
8509,math,C,A,0.95,0.9389191469403682,0.0,79
8510,math,I,D,1.0,0.9580323084874777,0.0,40
8511,math,D,D,0.95,0.8976899399545222,1.0,33
8512,math,F,F,1.0,0.8949588492425566,1.0,77
8513,math,J,D,1.0,0.8740570783670762,0.0,109
8514,math,H,C,1.0,0.9488230720309536,1.0,31
8515,math,A,A,1.0,0.9192034474935822,1.0,61
8516,math,J,G,1.0,0.9231032187370566,0.0,55
8517,math,A,H,0.98,0.8336735658116549,0.8,127
8518,math,A,H,0.95,0.7293566202434926,0.2,286
8519,math,J,,0.0,0.8768073724907401,0.0,295
8520,math,G,C,0.8,0.7707349745142983,0.8,193
8521,math,C,A,1.0,0.9310082578236396,1.0,229
8522,math,C,B,0.95,0.8035387727023642,0.9,205
8523,math,F,F,1.0,0.8294094374243587,1.0,104
8524,math,H,A,1.0,0.879903894788476,0.0,162
8525,math,B,B,0.9,0.863591244228025,0.9,197
8526,math,B,C,0.95,0.8458715746850031,0.7,222
8527,math,I,D,1.0,0.881889024578901,1.0,188
8528,math,C,C,0.9,0.8661776803211568,0.0,168
8529,math,A,H,1.0,0.8548593419084817,0.0,73
8530,math,F,G,0.9,0.878887316773805,0.9,132
8531,math,I,J,0.0,0.8866693005266262,0.0,215
8532,math,C,H,0.95,0.8362273252271398,0.0,142
8533,math,D,C,1.0,0.9121352140759347,0.0,148
8534,math,G,F,1.0,0.8499111515441393,0.8,405
8535,math,C,D,0.95,0.8207946916604009,0.95,110
8536,math,G,B,0.95,0.8278130960109362,0.0,115
8537,math,B,H,1.0,0.8084339219277699,0.0,163
8538,math,C,E,1.0,0.8194251466195505,0.0,238
8539,math,I,A,0.9,0.8493092915818179,0.0,111
8540,math,B,I,0.9,0.7734466093223603,0.2,205
8541,math,E,E,0.9,0.9108944030693125,0.9,492
8542,math,C,,0.8,0.8475713912583107,0.8,221
8543,math,C,C,1.0,0.8087222210354875,0.6,177
8544,math,C,,0.9,0.7758911234369932,0.0,126
8545,math,J,J,1.0,0.9088960249262765,1.0,68
8546,math,D,D,0.95,0.8291487061772768,1.0,202
8547,math,C,F,0.9,0.7927742266396687,0.6,210
8548,math,J,I,0.9,0.7733372174171882,0.9,128
8549,math,F,C,1.0,0.8294932327916953,0.9,114
8550,math,C,F,1.0,0.8760781633164761,0.8,459
8551,math,E,B,0.98,0.7854715721300688,0.98,124
8552,math,F,A,0.9,0.6392626951484418,0.9,299
8553,math,H,D,0.7,0.9008009648722893,0.7,519
8554,math,D,H,0.25,0.6318310693636388,0.25,118
8555,math,E,B,0.9,0.6247394509237753,0.9,217
8556,math,C,C,0.9,0.8297184887456647,0.0,99
8557,math,G,G,0.8,0.8266919000056645,1.0,65
8558,math,B,H,0.99,0.88716494016955,0.99,129
8559,math,C,J,0.9,0.7230031164870679,0.9,296
8560,math,H,I,0.9,0.8457325412164163,0.9,626
8561,math,J,D,0.95,0.8762132683225913,0.95,322
8562,math,A,A,0.95,0.8586403236273851,0.4,421
8563,math,B,B,0.9,0.8323254330469839,0.9,61
8564,math,E,H,0.95,0.6942383304879239,0.95,128
8565,math,D,J,0.6,0.7435738968921571,0.6,411
8566,math,I,A,1.0,0.8236310031267277,1.0,182
8567,math,D,D,0.9,0.8619311454859007,1.0,92
8568,math,H,A,1.0,0.9056299837546413,0.0,84
8569,math,A,A,1.0,0.95415719799052,1.0,181
8570,math,G,G,0.95,0.7566410776334517,0.95,70
8571,math,E,C,0.95,0.811533543909574,0.95,119
8572,math,J,H,0.9,0.8551864028665073,0.9,229
8573,math,F,C,1.0,0.8438144716982966,0.0,130
8574,math,B,J,1.0,0.860171367854651,1.0,420
8575,math,I,B,0.95,0.8602331376200778,0.475,53
8576,math,E,E,0.95,0.7912300373759585,0.95,112
8577,math,G,C,0.95,0.7939471450190188,0.7,439
8578,math,B,,1.0,0.7733020032927463,0.0,452
8579,math,D,G,1.0,0.9037705033331411,0.0,366
8580,math,J,G,1.0,0.8782621345864224,0.95,223
8581,math,F,A,0.8,0.8155426932357629,0.8,95
8582,math,G,J,0.95,0.8638566381473418,0.0,296
8583,math,G,I,0.95,0.8194789716124875,0.0,66
8584,math,E,B,0.95,0.824725626342629,0.0,152
8585,math,H,H,0.95,0.873557768147373,0.95,179
8586,math,F,F,1.0,0.9226002330654217,0.8,208
8587,math,A,A,1.0,0.8775682836911327,1.0,259
8588,math,A,A,0.9,0.75827278843623,0.5,175
8589,math,I,E,0.9,0.8302990176904947,0.9,98
8590,math,D,A,0.95,0.8078273240930771,0.95,119
8591,math,C,E,0.9,0.7503585679229049,0.8,144
8592,math,I,I,0.95,0.837776537631593,0.95,93
8593,math,F,F,0.95,0.8224088560035236,0.95,83
8594,math,C,J,0.95,0.864147431099618,0.95,108
8595,math,A,D,0.95,0.6884684247401122,0.8,151
8596,math,H,B,1.0,0.956713369458731,0.0,31
8597,math,A,A,0.95,0.9116356220214986,1.0,50
8598,math,C,E,0.95,0.820513796378271,0.0,79
8599,math,F,D,1.0,0.8815895384517237,0.0,39
8600,math,G,G,1.0,0.8290908360926112,1.0,54
8601,math,A,A,1.0,0.9098985134792792,1.0,73
8602,math,I,H,1.0,0.8738734616588708,0.0,46
8603,math,G,G,1.0,0.8819507779140491,1.0,79
8604,math,I,H,1.0,0.9183399244868856,0.0,42
8605,math,G,G,0.95,0.9245493459666346,0.95,97
8606,math,E,A,1.0,0.9384851596581725,1.0,216
8607,math,A,A,0.9,0.8726293667296632,0.9,27
8608,math,B,E,1.0,0.9325522155373229,1.0,38
8609,math,B,D,1.0,0.9237361385053906,0.0,83
8610,math,G,A,0.95,0.9039392632031984,0.3,54
8611,math,G,G,0.9,0.9305179575677761,1.0,156
8612,math,H,H,1.0,0.9440092130938471,1.0,46
8613,math,B,B,1.0,0.9222606910109743,1.0,33
8614,math,C,C,1.0,0.8590564723954935,1.0,78
8615,math,F,B,1.0,0.8729142039201263,0.0,69
8616,math,A,C,0.9,0.8899912946343798,0.9,79
8617,math,I,B,0.9,0.7420579096297528,0.9,264
8618,math,F,G,0.95,0.8834207392746614,0.95,127
8619,math,C,F,1.0,0.800619059608096,0.0,222
8620,math,C,C,1.0,0.8771557055050847,1.0,155
8621,math,D,H,0.95,0.8144653302787042,0.95,197
8622,math,H,J,0.83,0.8144046735505585,0.7,228
8623,math,C,H,0.95,0.8091714645442435,0.6,188
8624,math,B,H,1.0,0.6947987065431631,0.9,146
8625,math,I,I,0.9,0.8257898212643519,0.9,180
8626,math,C,,1.0,0.8962899556037717,,1146
8627,math,E,B,1.0,0.8651875141481913,0.0,334
8628,math,B,B,0.95,0.8758775804321026,1.0,114
8629,math,A,D,1.0,0.8809997518495046,0.0,78
8630,math,G,,0.0,0.9030080814458271,1.0,223
8631,math,J,D,1.0,0.8510459597448766,0.0,72
8632,math,C,F,0.95,0.7255159021212677,0.0,159
8633,math,H,H,1.0,0.9204488628143643,1.0,128
8634,math,E,B,0.95,0.8745188561877573,0.95,77
8635,math,I,H,0.99,0.8730304342874032,0.99,113
8636,math,D,D,0.95,0.9052763089582446,0.95,186
8637,math,D,J,0.9,0.8436345804110427,0.9,104
8638,math,C,E,0.9,0.8309666761037802,0.0,457
8639,math,C,C,1.0,0.9237344415349501,1.0,136
8640,math,A,D,1.0,0.8800472123538339,0.95,108
8641,math,A,E,0.9,0.8247433444349385,0.9,698
8642,math,B,B,1.0,0.8935853351989043,1.0,258
8643,math,G,B,0.95,0.8414338024086303,0.0,106
8644,math,D,D,0.9,0.7780631277477115,0.9,63
8645,math,F,J,1.0,0.8754620065596164,1.0,67
8646,math,G,H,0.99,0.8413456502341958,0.0,203
8647,math,E,E,0.95,0.8114989930874547,0.0,108
8648,math,H,B,0.8,0.9273301697888526,0.8,571
8649,math,J,G,0.95,0.8357620508326009,0.9,76
8650,math,F,,1.0,0.8519003913314595,0.0,745
8651,math,E,F,1.0,0.8336788568725193,1.0,446
8652,math,B,B,1.0,0.9389396430490186,1.0,148
8653,math,J,E,0.98,0.8017993597872931,0.5733333333333334,259
8654,math,C,D,0.9,0.8305226196970593,0.0,167
8655,math,I,H,0.8,0.7322862338476185,0.8,102
8656,math,E,D,0.9,0.8037419855587586,0.8,116
8657,math,F,A,0.9,0.811585474830006,0.6,341
8658,math,C,E,1.0,0.8710599144615532,0.9,166
8659,math,G,I,0.97,0.8041598625095855,0.9,61
8660,math,B,G,0.95,0.8041875908940913,0.95,82
8661,math,B,F,1.0,0.8219533314619758,0.0,194
8662,math,G,C,1.0,0.7477998360955596,0.0,98
8663,math,J,J,1.0,0.8924110240927342,0.95,676
8664,math,F,F,1.0,0.7962784905564789,1.0,83
8665,math,C,G,0.9,0.8187931521853274,0.0,97
8666,math,F,F,1.0,0.8957921224533811,1.0,175
8667,math,A,B,0.9,0.8147118005251308,1.0,110
8668,math,G,C,0.8,0.6765649270242639,0.8,81
8669,math,I,D,1.0,0.8172613057115086,1.0,298
8670,math,H,D,1.0,0.9343805699218448,0.6,377
8671,math,B,J,1.0,0.7393076300257764,0.0,187
8672,math,G,G,1.0,0.878806717232691,1.0,299
8673,math,D,J,1.0,0.8356836810252292,0.0,371
8674,math,C,C,0.95,0.8802301081793682,0.95,160
8675,math,G,,0.95,0.8666094277937838,0.95,126
8676,math,G,D,0.8,0.8519371315632936,0.8,62
8677,math,I,I,1.0,0.9271501310047228,1.0,85
8678,math,F,,0.95,0.8527886377556537,0.95,187
8679,math,D,D,0.9,0.8670326581562549,1.0,201
8680,math,H,B,0.85,0.9072700696260563,0.0,383
8681,math,G,I,0.95,0.8977593284145106,0.95,255
8682,math,D,E,0.95,0.9186251460040745,1.0,114
8683,math,I,H,1.0,0.9279249220352206,1.0,43
8684,math,A,C,0.8,0.8211371914000978,0.4,202
8685,math,D,D,0.95,0.8381628440761483,0.95,90
8686,math,I,A,1.0,0.873579938825204,0.0,46
8687,math,D,A,0.9,0.7761831796643638,0.4,90
8688,math,E,D,1.0,0.7242140824779384,0.4,243
8689,math,D,D,0.9,0.8869098870816975,0.95,205
8690,math,I,G,1.0,0.8621034526464428,0.0,141
8691,math,G,H,0.95,0.8948438150173229,0.95,197
8692,math,A,A,0.9,0.705078154278706,0.9,163
8693,math,J,J,0.95,0.7389304827747973,0.95,147
8694,math,A,A,0.94,0.8860308715464856,0.95,175
8695,math,A,F,0.9,0.8274805710625108,0.0,177
8696,math,D,D,0.98,0.7468482872032068,0.98,167
8697,math,H,H,0.95,0.8594853617024061,0.95,175
8698,math,G,G,0.95,0.8485359356897318,1.0,96
8699,math,I,A,0.8,0.9006725951455443,0.0,63
8700,math,H,A,1.0,0.8829587058166224,0.0,117
8701,math,B,H,1.0,0.8880873728962184,0.9,163
8702,math,A,A,0.95,0.8989979675858896,1.0,102
8703,math,I,I,1.0,0.9177476676312495,1.0,83
8704,math,C,C,0.97,0.9053506411206435,1.0,69
8705,math,A,A,1.0,0.9018611627382416,1.0,74
8706,math,C,C,1.0,0.9627052553858443,1.0,79
8707,math,H,F,1.0,0.9184799096889418,0.0,67
8708,math,I,I,0.95,0.9208574501464752,1.0,95
8709,math,A,B,0.95,0.8989857448114988,0.0,40
8710,math,D,D,1.0,0.9018320091613932,1.0,86
8711,math,F,A,1.0,0.9177924078784924,1.0,29
8712,math,H,A,0.95,0.7030447532563774,0.025,190
8713,math,A,D,1.0,0.8693074534322152,0.0,67
8714,math,D,B,1.0,0.8931607042232601,0.0,86
8715,math,F,B,0.99,0.8372126369620507,0.0,87
8716,math,J,E,1.0,0.8739891999086578,1.0,55
8717,math,A,A,0.95,0.9038398712194454,0.95,66
8718,math,G,A,0.9,0.8652615031491114,0.0,315
8719,math,G,G,1.0,0.9472179653814088,1.0,83
8720,math,G,D,1.0,0.7492082337091585,0.6,145
8721,math,C,D,0.8,0.8726562614415839,0.0,56
8722,math,G,G,1.0,0.8874740385766194,1.0,124
8723,math,C,C,1.0,0.9476008527641452,1.0,38
8724,math,C,D,0.9,0.8664471927766105,1.0,86
8725,math,E,B,0.95,0.8649827574411365,0.95,129
8726,math,A,A,0.95,0.8421427872659777,0.95,68
8727,math,A,G,1.0,0.8900653761168631,0.0,250
8728,math,D,D,1.0,0.9278430140210462,1.0,237
8729,math,H,H,0.95,0.9341463429478365,0.95,160
8730,math,I,E,0.95,0.8400700331114253,0.0,66
8731,math,E,E,1.0,0.857604208708374,1.0,38
8732,math,J,B,0.95,0.8911844591456506,0.95,53
8733,math,G,G,1.0,0.9036882768224066,1.0,81
8734,math,E,C,1.0,0.9317494116564332,0.8,303
8735,math,J,B,0.95,0.8813266442232123,0.95,87
8736,math,C,C,0.95,0.9276318746265081,0.95,148
8737,math,C,C,1.0,0.8716381231285287,1.0,83
8738,math,B,G,0.9,0.8742254482544143,1.0,238
8739,math,F,F,1.0,0.8999219284172935,1.0,326
8740,math,H,E,0.95,0.8738759618547448,0.0,227
8741,math,J,H,0.95,0.7730359233371028,0.6,224
8742,math,G,B,1.0,0.9097030448351066,1.0,200
8743,math,G,B,0.65,0.7651178854852357,0.4,207
8744,math,E,,1.0,0.8554902212069057,0.8,174
8745,math,E,H,0.9,0.8178829408273499,0.9,151
8746,math,E,A,0.99,0.7127868265471343,0.5333333333333333,769
8747,math,G,C,0.95,0.723320656872313,0.95,206
8748,math,E,G,1.0,0.8335671394225506,0.9,128
8749,math,G,A,1.0,0.7166711642031376,0.7,139
8750,math,A,G,0.5,0.7065262017070595,0.4,93
8751,math,A,A,0.99,0.6540019240333312,0.9,153
8752,math,I,B,0.95,0.8466282122967721,0.0,58
8753,math,F,C,0.9,0.753531989675961,0.9,183
8754,math,A,D,0.8,0.8742730762996278,0.8,39
8755,math,G,E,0.95,0.8719988862509882,47.975,84
8756,math,G,D,0.9,0.8665264294294786,0.0,375
8757,math,J,E,0.9,0.8323122557731573,0.95,77
8758,math,B,B,1.0,0.9316451692914542,1.0,95
8759,math,D,B,1.0,0.8016485969673923,0.4,803
8760,math,C,D,0.95,0.8527981685807315,0.95,168
8761,math,H,H,0.95,0.8225677237016247,0.95,117
8762,math,D,,0.4,0.8263234130776865,0.8,483
8763,math,G,C,1.0,0.7823110796859137,0.0,294
8764,math,D,I,0.95,0.8138817617140668,0.95,186
8765,math,J,B,1.0,0.8339883867868351,0.0,81
8766,math,D,C,0.9,0.8632276343008047,0.0,97
8767,math,J,D,0.95,0.7417134651268673,0.95,142
8768,math,E,C,0.9,0.8831901093400452,0.9,958
8769,math,F,G,0.9,0.8488668720004692,0.9,280
8770,math,A,B,0.95,0.7801639225141065,0.95,128
8771,math,C,G,0.98,0.8765957094534566,0.98,255
8772,math,J,B,0.9,0.7273195475939271,0.9,114
8773,math,G,E,1.0,0.8628866668178916,0.0,287
8774,math,C,D,0.6,0.7589188781750684,0.6,132
8775,math,H,B,1.0,0.7800667102373652,0.9,274
8776,math,J,I,0.95,0.8797946593438626,0.95,129
8777,math,I,J,0.9,0.8639523920707162,0.9,219
8778,math,H,I,0.8,0.818099680842324,0.0,331
8779,math,G,C,0.95,0.8869335848205483,0.8,132
8780,math,F,B,1.0,0.840351049360886,0.9,155
8781,math,E,D,1.0,0.8002627698757877,0.8,145
8782,math,I,B,0.95,0.8534136673553434,0.6,67
8783,math,A,G,0.95,0.8105653949741048,0.0,118
8784,math,G,G,1.0,0.8652024559995016,1.0,109
8785,math,C,A,0.9,0.793044970570855,0.9,196
8786,math,C,C,0.85,0.7632535977045445,0.85,112
8787,math,C,C,0.9,0.8248421549910446,0.9,113
8788,math,J,J,0.9,0.7715015070157061,0.9,106
8789,math,H,F,0.95,0.8813793274841567,0.0,58
8790,math,J,B,0.9,0.7808908698196136,0.7,79
8791,math,E,E,0.95,0.8487073789091907,0.95,73
8792,math,G,F,0.9,0.8845243431372003,0.9,264
8793,math,D,C,1.0,0.8141020154921597,0.0,165
8794,math,H,D,1.0,0.8949362870930667,1.0,172
8795,math,D,G,0.95,0.8868224436564482,0.95,94
8796,math,F,J,0.95,0.8887622986776923,0.0,64
8797,math,I,I,1.0,0.9191613135575765,1.0,99
8798,math,D,A,1.0,0.915639283678563,1.0,53
8799,math,H,H,1.0,0.9288459620721456,1.0,51
8800,math,H,,1.0,0.8829414626149533,0.9,85
8801,math,A,A,1.0,0.9427023662209558,1.0,54
8802,math,I,B,0.9,0.7653562159725871,0.8,158
8803,math,F,F,0.98,0.8023665149359442,0.5,194
8804,math,H,H,1.0,0.9139477042441182,1.0,74
8805,math,G,G,1.0,0.9326979288497397,1.0,57
8806,math,C,C,1.0,0.8505302562593348,1.0,64
8807,math,A,A,1.0,0.8997512704620223,1.0,99
8808,math,I,H,0.98,0.8631687576704354,0.0,62
8809,math,C,D,0.95,0.8173609144679644,0.0,117
8810,math,C,H,1.0,0.8563959028388063,0.8,31
8811,math,D,D,1.0,0.8891124490641477,1.0,86
8812,math,G,H,0.95,0.876784669839729,0.0,103
8813,math,G,G,1.0,0.886281993955068,1.0,73
8814,math,C,C,0.95,0.8971375211860944,1.0,50
8815,math,G,G,0.95,0.9218013029090261,1.0,128
8816,math,I,H,1.0,0.8869429078338211,0.0,57
8817,math,F,G,1.0,0.9356655716375377,1.0,40
8818,math,C,B,1.0,0.8256795169752053,0.0,150
8819,math,C,C,0.95,0.7878609757736479,0.95,231
8820,math,B,F,0.8,0.8653491006399441,0.9,64
8821,math,G,H,1.0,0.878474874428289,0.0,192
8822,math,J,J,0.85,0.7361618067523277,0.85,245
8823,math,J,E,1.0,0.8743080455294728,0.0,222
8824,math,F,D,0.95,0.8426605075546706,0.0,115
8825,math,G,C,1.0,0.9041969026454135,0.0,87
8826,math,H,H,0.95,0.8565808518928855,0.95,95
8827,math,C,C,0.95,0.8278229219508874,0.95,120
8828,math,I,I,1.0,0.8963721473720959,1.0,86
8829,math,B,J,0.95,0.8634042087087602,0.0,123
8830,math,B,C,0.95,0.762808640866295,0.95,111
8831,math,G,G,1.0,0.9159693168916101,1.0,150
8832,math,D,J,0.15,0.8189462492044017,0.575,393
8833,math,H,I,0.0,0.6757964494626842,0.0,119
8834,math,D,,1.0,0.913896399713257,0.8,754
8835,math,F,C,1.0,0.6979111814786759,0.0,100
8836,math,C,C,0.95,0.7501590433610235,0.95,46
8837,math,J,,0.9,0.8013647095360901,0.4,295
8838,math,B,A,1.0,0.8670611419758327,0.0,81
8839,math,A,A,1.0,0.828408114205711,1.0,94
8840,math,C,F,0.97,0.8275726487595525,0.0,66
8841,math,D,C,0.9,0.808212190828351,0.9,133
8842,math,G,G,0.95,0.821411224665841,0.95,91
8843,math,E,J,0.85,0.7153471451573336,0.85,135
8844,math,J,B,0.99,0.7936694684339312,0.0,115
8845,math,F,F,1.0,0.8900137705743987,0.25,444
8846,math,I,,1.0,0.8323801788685768,0.7,144
8847,math,D,D,0.9,0.8682209236154893,0.4,254
8848,math,J,B,0.85,0.8864781356480897,0.0,290
8849,math,G,C,0.7,0.7576500240930022,0.4,124
8850,math,B,J,0.65,0.7792622792158443,0.9,146
8851,math,C,B,0.93,0.8770292340214115,0.9,147
8852,math,F,F,1.0,0.9231232034272837,1.0,71
8853,math,E,A,1.0,0.8826670497963098,0.0,71
8854,math,I,I,1.0,0.922031434034148,1.0,109
8855,physics,I,I,0.9,0.761356194488506,0.9,130
8856,physics,D,I,1.0,0.7387178496883343,1.0,367
8857,physics,D,D,0.95,0.8283368136344234,0.95,60
8858,physics,B,C,0.92,0.7671679291979999,0.8,187
8859,physics,J,B,0.92,0.739930096148237,0.0,257
8860,physics,F,H,0.95,0.7857960776804416,0.0,203
8861,physics,G,A,0.95,0.7937932583741827,0.95,132
8862,physics,E,C,0.95,0.8370845822017104,0.95,261
8863,physics,C,G,1.0,0.8304842485729699,1.0,164
8864,physics,J,F,0.9,0.7747004770398601,0.4,219
8865,physics,H,A,0.9,0.8534368924587485,0.0,76
8866,physics,F,I,0.0,0.7231487694521933,0.0,141
8867,physics,I,C,0.9,0.7966159794828931,1.0,152
8868,physics,D,E,1.0,0.876313718926976,1.0,115
8869,physics,E,A,0.9,0.8654964948747149,0.7,385
8870,physics,B,B,0.99,0.8645785871064581,0.0,124
8871,physics,A,B,0.95,0.903157117029089,0.95,101
8872,physics,C,B,0.9,0.867348866419736,0.9,134
8873,physics,A,A,0.98,0.8392212758258419,0.98,127
8874,physics,J,A,0.9,0.7264126249766506,0.5,266
8875,physics,D,B,0.95,0.8648194068898731,0.5,69
8876,physics,B,F,0.98,0.8601359804420463,1.0,161
8877,physics,B,J,0.45,0.8621607084087805,0.0,524
8878,physics,B,,0.0,0.6795576037221099,,1195
8879,physics,C,I,0.9,0.8675447417145744,0.0,319
8880,physics,G,B,0.95,0.826424702247575,0.0,71
8881,physics,D,A,0.97,0.8968421127462833,0.8,312
8882,physics,D,B,0.7,0.792304982657015,0.0,369
8883,physics,F,F,0.95,0.920220940683171,0.95,72
8884,physics,B,D,1.0,0.8957552784925189,0.0,250
8885,physics,H,B,0.9,0.910036330445385,0.4,157
8886,physics,H,D,0.9,0.8763547466980155,0.0,150
8887,physics,D,D,0.9,0.8847480107701452,0.9,192
8888,physics,J,J,0.95,0.9126210495405083,1.0,94
8889,physics,A,A,0.9,0.810676873288509,0.9,279
8890,physics,J,,0.0,0.9431980814191684,0.0,675
8891,physics,E,B,0.95,0.8372944194014277,0.95,115
8892,physics,H,H,1.0,0.840287552700385,1.0,73
8893,physics,E,E,0.95,0.9098881151065038,0.95,99
8894,physics,I,I,0.9,0.8429564832979708,1.0,68
8895,physics,E,A,0.95,0.8830020482371443,0.6333333333333333,107
8896,physics,I,E,0.95,0.869771483740723,0.13333333333333333,218
8897,physics,G,F,0.99,0.8828602425982809,0.8,308
8898,physics,E,D,0.95,0.809139298281501,0.95,168
8899,physics,G,D,1.0,0.8276612772482869,1.0,86
8900,physics,D,D,0.8,0.9015969142565325,0.0,98
8901,physics,E,E,0.95,0.9266284372206456,0.95,203
8902,physics,A,I,0.85,0.86685274656495,0.4,430
8903,physics,C,E,0.9,0.8920160388972693,0.0,203
8904,physics,H,E,0.0,0.84933789027845,0.0,293
8905,physics,A,B,0.9,0.8835023993042084,0.9,58
8906,physics,C,B,0.95,0.890868933001143,0.95,69
8907,physics,H,C,0.95,0.9025907713279515,0.0,276
8908,physics,A,B,0.9,0.8584664062799624,0.9,190
8909,physics,A,F,1.0,0.8246092173065661,1.0,103
8910,physics,A,B,1.0,0.8631779745357867,1.0,211
8911,physics,B,H,0.1,0.8162364376184233,0.4,219
8912,physics,B,B,0.95,0.9074575485499975,0.95,90
8913,physics,G,A,0.95,0.8891705588331421,0.95,167
8914,physics,D,D,1.0,0.9000170281930924,1.0,239
8915,physics,J,B,1.0,0.9007904523370921,0.0,85
8916,physics,B,A,0.95,0.8796796705837137,0.4,155
8917,physics,E,E,0.8,0.8877793058777199,1.0,63
8918,physics,A,A,0.95,0.8894745365830871,0.95,100
8919,physics,G,G,1.0,0.7778283118799678,0.9,236
8920,physics,G,A,0.8,0.8084123219142414,0.8,122
8921,physics,B,B,0.95,0.8045608727584593,0.95,78
8922,physics,B,B,0.95,0.7695773870319328,0.95,119
8923,physics,F,F,0.9,0.8809439504732428,0.95,303
8924,physics,C,D,0.99,0.8660318394010247,0.99,155
8925,physics,A,A,1.0,0.9225512801777787,1.0,91
8926,physics,J,A,1.0,0.8217177936459924,0.0,87
8927,physics,A,A,1.0,0.8370453978384702,1.0,81
8928,physics,F,C,0.9,0.7754536905070321,0.7,104
8929,physics,H,A,1.0,0.9253443999246826,0.3333333333333333,68
8930,physics,G,G,0.9,0.7503298824004613,0.9,99
8931,physics,D,A,0.95,0.8659730284916352,0.95,52
8932,physics,H,D,0.9,0.8293144173933785,0.9,65
8933,physics,C,C,0.85,0.816887878323211,0.85,73
8934,physics,A,C,1.0,0.9070418755772659,0.0,68
8935,physics,J,I,1.0,0.8631614284837661,1.0,50
8936,physics,F,E,0.9,0.8051964278363397,0.0,60
8937,physics,G,E,0.95,0.7416061677071676,0.95,272
8938,physics,C,,1.0,0.8686053249184992,0.0,287
8939,physics,G,,,0.8810999885907129,,361
8940,physics,F,D,0.9,0.8964389028041574,0.4,344
8941,physics,J,C,0.95,0.7959910930777514,0.0,99
8942,physics,D,C,0.95,0.8439695956981575,0.95,57
8943,physics,I,D,1.0,0.6958517526509514,0.2,331
8944,physics,A,B,0.95,0.7838665924373813,0.95,84
8945,physics,B,D,0.85,0.7483261067654757,0.85,185
8946,physics,E,D,0.85,0.8361938500763304,0.85,642
8947,physics,E,F,0.95,0.7673080526081562,0.0,266
8948,physics,D,B,0.98,0.855889219708875,0.8,251
8949,physics,I,C,0.95,0.8132513679299167,0.0,121
8950,physics,I,B,0.95,0.8901902981496606,0.95,284
8951,physics,D,D,0.98,0.8826825652041431,0.98,226
8952,physics,A,D,1.0,0.6988068958408817,0.0,373
8953,physics,G,G,0.5,0.7437577510752054,0.8,92
8954,physics,H,C,0.5,0.7919131724649099,0.0,416
8955,physics,G,I,0.95,0.8290037782319489,0.95,119
8956,physics,B,B,0.95,0.8887288321475276,1.0,92
8957,physics,D,J,0.98,0.8651291750776604,0.98,147
8958,physics,J,H,1.0,0.9074583414295675,0.9,87
8959,physics,A,A,0.95,0.8962690777546145,0.95,208
8960,physics,I,B,0.9,0.7103486515751213,0.7,85
8961,physics,F,E,0.9,0.8560727980708733,0.0,158
8962,physics,A,E,0.9,0.7940155014180542,0.9,87
8963,physics,D,H,0.8,0.789324865850002,0.9,331
8964,physics,H,H,0.95,0.7462627427311882,0.0,84
8965,physics,C,B,0.9,0.9231696437643193,0.0,414
8966,physics,I,E,1.0,0.8381801734060299,0.7,319
8967,physics,A,J,0.5,0.7633444835591531,0.0,204
8968,physics,C,C,0.99,0.8547970478666674,0.9,127
8969,physics,E,C,0.9,0.8352160711081498,0.9,221
8970,physics,E,E,0.95,0.8614092446515783,0.95,140
8971,physics,D,G,0.99,0.8814325455790158,0.8,353
8972,physics,A,H,0.95,0.8676181301255047,0.0,183
8973,physics,G,D,0.92,0.8462264685318804,0.9,241
8974,physics,I,C,0.98,0.903984793058138,0.98,274
8975,physics,D,D,0.95,0.7011919694278365,0.95,55
8976,physics,B,D,0.95,0.7917150276761338,0.95,232
8977,physics,I,J,0.8,0.7777962051871312,0.7,166
8978,physics,C,C,0.9,0.8187602048781074,0.9,57
8979,physics,D,D,0.95,0.8732113880518654,0.95,108
8980,physics,F,F,0.95,0.6997090990735125,0.95,102
8981,physics,A,J,0.9,0.8300256721700054,0.9,222
8982,physics,F,C,0.95,0.8516044098097947,0.95,168
8983,physics,J,G,0.9,0.8190069618803826,0.4,84
8984,physics,C,G,0.99,0.8975102075500916,0.99,229
8985,physics,H,I,0.0,0.7090114435843058,0.0,103
8986,physics,G,G,0.85,0.855711629553221,0.95,179
8987,physics,E,A,0.95,0.9006179040895669,0.95,247
8988,physics,E,B,0.95,0.7835265151639229,0.0,217
8989,physics,D,E,0.95,0.702297022111686,0.0,114
8990,physics,G,D,0.95,0.7587070180187316,0.95,115
8991,physics,F,F,1.0,0.878335865895207,1.0,137
8992,physics,A,B,0.95,0.7762337951630973,0.95,383
8993,physics,F,F,0.95,0.8943891579591774,0.95,157
8994,physics,H,B,0.95,0.8495728003592065,0.95,83
8995,physics,D,D,0.95,0.8672252416105993,0.95,230
8996,physics,J,,0.1,0.8196675689466362,0.0,222
8997,physics,B,B,0.9,0.8165571449317648,0.9,119
8998,physics,E,E,0.95,0.8582497490690659,0.8,325
8999,physics,D,D,0.95,0.7814150947310141,0.9,183
9000,physics,J,J,1.0,0.8549758689831107,1.0,118
9001,physics,F,A,0.9,0.7900994429448662,0.9,363
9002,physics,B,D,0.9,0.8628227818710237,0.0,221
9003,physics,C,C,0.95,0.8969735899319321,1.0,76
9004,physics,D,D,1.0,0.9165821115291205,1.0,167
9005,physics,C,,1.0,0.7783589297536305,0.0,361
9006,physics,E,E,0.95,0.8376352475765985,0.95,178
9007,physics,D,I,1.0,0.8813585142560713,0.0,266
9008,physics,G,,0.98,0.8519306204729898,0.98,192
9009,physics,D,D,0.85,0.8471097288051193,0.85,268
9010,physics,E,B,0.95,0.893354874891922,0.95,170
9011,physics,E,H,0.92,0.77835239241524,0.92,103
9012,physics,G,E,0.95,0.8390890532250853,0.0,91
9013,physics,F,H,0.95,0.8188500988434901,0.95,118
9014,physics,F,C,0.95,0.7751707728884301,0.95,88
9015,physics,I,J,1.0,0.7990014279594648,1.0,213
9016,physics,H,C,0.95,0.872072380131178,0.95,122
9017,physics,E,J,1.0,0.8010214387047503,0.0,234
9018,physics,A,A,1.0,0.7664021419070589,1.0,133
9019,physics,F,A,1.0,0.7786955716687339,0.7,353
9020,physics,G,C,1.0,0.8468311196536605,1.0,76
9021,physics,H,G,0.95,0.7984538215487623,0.95,94
9022,physics,B,B,0.99,0.8848495799113988,0.99,112
9023,physics,G,G,0.9,0.8533317357924017,1.0,150
9024,physics,H,H,0.95,0.8797980610161719,0.95,76
9025,physics,J,D,0.95,0.8266362666382295,0.0,59
9026,physics,J,J,0.95,0.7339019979227892,0.95,137
9027,physics,D,D,0.95,0.8590608853587454,0.95,48
9028,physics,I,A,0.95,0.741151451409224,0.0,134
9029,physics,C,A,0.9,0.7904456350841611,0.9,138
9030,physics,I,I,1.0,0.8955740057407678,1.0,171
9031,physics,D,H,0.9,0.8269335852724629,0.9,107
9032,physics,C,E,0.85,0.8165763181912811,0.0,192
9033,physics,H,A,0.9,0.7764504214100033,0.9,260
9034,physics,J,J,0.85,0.8747019139004665,0.4,148
9035,physics,B,C,0.9,0.8544941428586907,0.0,145
9036,physics,J,C,0.8,0.8323653466850632,0.0,90
9037,physics,C,C,0.9,0.8251973948788279,0.9,250
9038,physics,D,E,0.9,0.699578993208145,0.6,428
9039,physics,D,G,0.99,0.8533409561239861,0.9,124
9040,physics,A,A,0.95,0.8633429144535459,0.0,264
9041,physics,G,A,0.95,0.9136943364825917,0.95,210
9042,physics,D,D,0.95,0.9048551054281004,0.95,183
9043,physics,C,C,0.95,0.7528247348291746,0.95,102
9044,physics,H,D,1.0,0.918162221469299,1.0,179
9045,physics,D,B,1.0,0.8910029250212314,1.0,269
9046,physics,I,,1.0,0.9392175972567206,0.0,312
9047,physics,A,F,0.9,0.8343448326359642,0.0,84
9048,physics,A,C,0.6,0.8518512789910698,0.6,188
9049,physics,B,A,0.9,0.8694910055772342,0.4,264
9050,physics,B,B,0.9,0.8711364993341819,0.7,323
9051,physics,H,,1.0,0.7396649580354355,0.0,186
9052,physics,C,C,0.9,0.7641369568395617,1.0,103
9053,physics,A,C,0.9,0.8346532304533945,0.8,114
9054,physics,E,D,0.85,0.7698022102054703,0.85,296
9055,physics,C,C,0.75,0.8065183802861775,0.6,449
9056,physics,J,B,0.95,0.8917472942844442,1.0,110
9057,physics,J,C,0.8,0.825257141903684,0.4,215
9058,physics,E,J,0.88,0.7674835242036914,0.8,197
9059,physics,G,G,1.0,0.637477923585022,0.0,457
9060,physics,J,A,0.8,0.8560643740042259,0.7,233
9061,physics,E,C,0.95,0.7610866972909827,0.95,213
9062,physics,I,B,0.95,0.8893290604862306,0.95,146
9063,physics,D,G,0.95,0.7735683503931841,0.4,197
9064,physics,J,J,0.9,0.8157893274429284,0.8,181
9065,physics,F,A,0.99,0.8297404943684374,0.0,159
9066,physics,D,F,1.0,0.9328463930408727,0.9,37
9067,physics,C,I,0.95,0.8248101016164312,0.95,52
9068,physics,D,D,1.0,0.7706444351063745,1.0,92
9069,physics,C,B,0.0,0.8211324120451854,0.0,128
9070,physics,F,F,0.95,0.8143554462128825,0.95,67
9071,physics,A,G,0.92,0.8101956752825635,0.92,124
9072,physics,F,C,0.95,0.7473256272290674,0.95,142
9073,physics,C,C,0.99,0.8845932049448285,1.0,88
9074,physics,D,B,0.95,0.8591927202809309,0.0,146
9075,physics,H,H,0.9,0.8013989347560845,0.9,124
9076,physics,D,C,0.95,0.8617113301069589,0.0,136
9077,physics,H,B,0.95,0.8123476576034608,0.95,304
9078,physics,F,C,0.9,0.8960880756522516,0.9,154
9079,physics,F,C,0.99,0.8185111380378122,0.495,141
9080,physics,C,C,0.9,0.9206768538559228,0.9,286
9081,physics,E,B,0.9,0.7571568346126991,0.9,244
9082,physics,C,H,0.9,0.8848054173846738,0.9,117
9083,physics,J,C,0.9,0.7661653431994524,0.9,159
9084,physics,A,D,0.95,0.8122607396372997,0.7,142
9085,physics,B,B,0.4,0.8456941719446,0.4,328
9086,physics,B,G,0.95,0.8548664664640957,0.95,166
9087,physics,C,J,0.99,0.7356588086440295,0.95,91
9088,physics,A,J,0.95,0.9194335969324561,0.6,524
9089,physics,E,E,0.9,0.8303398893735001,0.9,178
9090,physics,E,,1.0,0.8575273838717113,1.0,228
9091,physics,J,,0.8,0.8525410263978296,0.8,318
9092,physics,I,B,0.95,0.8728976463350973,0.0,104
9093,physics,C,I,0.3,0.6828473718261312,0.3,130
9094,physics,G,D,0.95,0.8809161433351088,0.9,170
9095,physics,I,C,0.95,0.7801962918004935,0.8,295
9096,physics,E,B,1.0,0.9295210391399833,0.9,189
9097,physics,J,A,0.98,0.9051894073973851,0.98,281
9098,physics,A,A,1.0,0.8754172330812919,1.0,123
9099,physics,E,H,1.0,0.8639447172723959,0.0,100
9100,physics,B,B,1.0,0.9014317830885742,1.0,125
9101,physics,I,I,1.0,0.9124927550135118,1.0,124
9102,physics,C,C,0.98,0.9050136004141911,0.8,95
9103,physics,E,B,0.95,0.8300337924731465,0.0,146
9104,physics,H,G,0.0,0.8555704338055024,0.4,265
9105,physics,B,B,0.5,0.7852269834149452,0.5,480
9106,physics,E,D,0.95,0.8908890028798987,0.95,298
9107,physics,H,H,0.95,0.8604623414341172,1.0,92
9108,physics,J,J,0.95,0.8575066643462819,0.95,240
9109,physics,J,,0.9,0.8402066829407773,0.9,241
9110,physics,I,C,0.9,0.8325379344901531,0.0,118
9111,physics,H,H,0.98,0.9249939445335413,0.98,185
9112,physics,A,A,1.0,0.9095023944614945,1.0,134
9113,physics,D,I,0.85,0.8810538119468239,0.4,212
9114,physics,C,C,0.95,0.8600022509107457,0.95,53
9115,physics,A,G,1.0,0.8269177343842905,0.0,99
9116,physics,H,H,1.0,0.9090841320775205,1.0,45
9117,physics,F,F,0.95,0.7643681793803566,0.8,144
9118,physics,A,A,0.95,0.7452819331102912,0.95,115
9119,physics,D,D,0.95,0.7498145781441994,0.95,275
9120,physics,F,H,0.95,0.8746520896472225,0.0,112
9121,physics,A,A,1.0,0.8564171345251878,0.95,210
9122,physics,D,D,1.0,0.8521246921587706,1.0,74
9123,physics,B,G,0.8,0.7818671397624984,0.8,80
9124,physics,D,B,0.85,0.7135792371623144,0.85,100
9125,physics,B,D,0.9,0.8805200293291736,0.0,60
9126,physics,E,E,0.95,0.8806215431297804,0.95,55
9127,physics,G,F,0.95,0.7711531219742758,0.24000000000000005,82
9128,physics,H,H,0.95,0.8726441185505175,0.95,95
9129,physics,G,D,0.9,0.7733267186419607,0.9,101
9130,physics,I,E,0.95,0.8380538398652327,0.0,50
9131,physics,H,B,0.9,0.8393198070986992,0.9,96
9132,physics,I,D,0.9,0.8667774151105896,0.9,76
9133,physics,E,C,0.95,0.7912093556134722,0.95,104
9134,physics,A,A,0.95,0.7415684573858344,0.95,174
9135,physics,C,C,0.9,0.7444378108861974,0.0,104
9136,physics,B,B,0.95,0.7753631293988725,0.95,139
9137,physics,B,B,0.95,0.8609907571226847,0.95,289
9138,physics,A,B,0.85,0.868458129327399,0.6,243
9139,physics,I,B,0.8,0.7542121506168614,0.6,376
9140,physics,C,D,0.95,0.903815131621853,0.7,225
9141,physics,C,C,0.95,0.7480233753420975,0.95,157
9142,physics,E,D,0.9,0.8012335913269428,0.9,83
9143,physics,I,A,0.97,0.781215237023996,0.0,66
9144,physics,A,B,0.85,0.8391311193251808,0.85,177
9145,physics,I,D,0.95,0.7466387401117015,0.0,204
9146,physics,B,F,0.9,0.8411670318978686,0.9,137
9147,physics,A,D,0.95,0.8509043477910841,0.95,174
9148,physics,H,J,0.98,0.7844230094758617,0.0,208
9149,physics,J,I,0.95,0.8804636362575701,1.0,282
9150,physics,F,H,0.95,0.8069551093736762,0.0,300
9151,physics,I,I,1.0,0.8023873796345694,0.0,218
9152,physics,D,H,0.7,0.8015737065493767,0.0,261
9153,physics,J,B,0.95,0.796146868816003,0.95,182
9154,physics,H,C,0.95,0.8202476598919934,0.0,332
9155,physics,I,B,0.5,0.620757330825492,0.5,410
9156,physics,E,F,0.95,0.8607241303629222,0.95,142
9157,physics,A,I,0.0,0.795837815650969,0.0,109
9158,physics,C,D,0.9,0.9062060219179631,0.9,237
9159,physics,D,G,0.8,0.82391400594417,0.4,270
9160,physics,H,B,0.0,0.8336978356880087,0.0,197
9161,physics,I,F,0.95,0.7427560129341773,0.95,282
9162,physics,D,B,0.95,0.8007720137278506,0.95,256
9163,physics,J,I,0.9,0.8485350826942573,0.0,189
9164,physics,D,G,0.9,0.9114884357201919,0.9,226
9165,physics,D,J,0.9,0.8615250039527613,0.0,245
9166,physics,D,D,1.0,0.8669759817153159,1.0,53
9167,physics,C,C,0.95,0.7700600305038597,0.95,80
9168,physics,G,A,0.95,0.8066531503461538,0.95,257
9169,physics,B,B,0.9,0.7137103142594777,0.9,102
9170,physics,B,H,0.95,0.7994619858484057,0.0,118
9171,physics,H,H,0.8,0.833910180522813,0.8,88
9172,physics,E,D,1.0,0.7601560714056558,0.95,147
9173,physics,D,D,1.0,0.8057783777845174,1.0,120
9174,physics,E,I,0.95,0.7794708166802473,0.0,107
9175,physics,C,E,0.9,0.7976704154769446,0.7,60
9176,physics,A,B,0.9,0.7403352968608445,0.4,74
9177,physics,F,F,0.9,0.746316847236606,0.9,83
9178,physics,J,D,1.0,0.8660288010799024,0.0,154
9179,physics,C,J,0.95,0.862410014832189,0.95,152
9180,physics,C,C,1.0,0.8933654281557608,1.0,298
9181,physics,C,C,1.0,0.9259896720326285,1.0,163
9182,physics,C,C,1.0,0.80767832708472,0.9,119
9183,physics,D,J,0.85,0.8435391353303009,0.0,213
9184,physics,G,E,0.98,0.7927013710238512,0.8,553
9185,physics,D,B,0.95,0.9157563471960852,0.0,283
9186,physics,D,F,0.95,0.9195599739769095,0.95,250
9187,physics,H,C,0.97,0.8241793861154892,0.3233333333333333,62
9188,physics,I,E,0.95,0.8579541182043448,0.95,102
9189,physics,A,H,0.95,0.842607821408494,0.95,153
9190,physics,F,C,0.9,0.8972154805323305,0.9,131
9191,physics,A,J,0.25,0.8872713632361509,0.4,381
9192,physics,H,C,0.85,0.8493359897841273,0.85,155
9193,physics,C,B,0.95,0.8928571039012634,0.0,104
9194,physics,I,I,0.95,0.8578515000325181,0.95,136
9195,physics,H,B,0.9,0.8414904268485093,1.0,79
9196,physics,A,A,1.0,0.8924085732803174,0.95,343
9197,physics,F,A,0.8,0.9426668350069749,0.0,84
9198,physics,E,D,0.9,0.7627734055042316,0.0,253
9199,physics,I,I,0.95,0.8798597828723848,0.95,164
9200,physics,F,D,0.8,0.8754457323030803,0.8,61
9201,physics,F,H,0.98,0.8833299096563195,0.0,103
9202,physics,E,B,0.9,0.8172707813513702,0.4,232
9203,physics,E,C,0.97,0.8987852800557519,0.4,387
9204,physics,C,,0.95,0.8310051360212528,0.95,218
9205,physics,H,H,0.95,0.8716059436145285,0.95,175
9206,physics,F,F,1.0,0.8342027122694561,1.0,221
9207,physics,D,B,0.9,0.7944371672042114,0.7,167
9208,physics,I,J,0.7,0.8346164624273332,0.2,118
9209,physics,G,D,1.0,0.7763062757548133,0.0,243
9210,physics,A,A,0.9,0.8901420331086864,0.95,89
9211,physics,H,A,0.9,0.8845905599476797,0.0,65
9212,physics,J,J,0.85,0.8421801957145618,0.0,271
9213,physics,F,A,1.0,0.8951456112952365,1.0,320
9214,physics,G,,0.05,0.86221963884931,0.95,314
9215,physics,C,C,0.95,0.8977314149088628,1.0,159
9216,physics,C,I,0.9,0.8433707480316663,0.8,77
9217,physics,B,A,0.9,0.7518045889034137,0.0,137
9218,physics,H,H,1.0,0.9126592603380288,1.0,161
9219,physics,A,B,0.9,0.8554295954491574,0.4,130
9220,physics,A,A,0.9,0.8498319310489595,1.0,100
9221,physics,H,D,0.95,0.8867564541196449,0.95,184
9222,physics,H,C,0.95,0.8799169804325037,0.0,98
9223,physics,G,G,1.0,0.8453409326037699,1.0,297
9224,physics,A,C,0.95,0.8821712216947388,0.95,207
9225,physics,G,E,0.95,0.8557562075722639,0.9,88
9226,physics,D,D,0.9,0.8413567441419729,0.9,73
9227,physics,D,C,0.95,0.8225159749914229,0.0,239
9228,physics,A,J,0.9,0.6961348559538937,0.8,124
9229,physics,F,C,1.0,0.766311320121599,0.9,135
9230,physics,B,D,0.9,0.8292027619058989,0.4,101
9231,physics,A,C,0.98,0.803050361925594,0.95,162
9232,physics,E,B,0.95,0.819170328343014,0.95,117
9233,physics,B,D,0.1,0.8165039630616132,0.9,502
9234,physics,J,D,0.95,0.8435766025976161,0.95,62
9235,physics,J,E,0.95,0.8545607772247115,0.95,127
9236,physics,C,C,0.95,0.7002273462729306,0.95,191
9237,physics,F,A,1.0,0.8396981776420809,0.0,57
9238,physics,B,B,0.9,0.7799026659949957,0.9,131
9239,physics,I,I,0.9,0.8722291214693774,0.4,90
9240,physics,H,H,0.95,0.8019731896578651,0.95,91
9241,physics,E,E,0.95,0.7886724237420654,0.95,145
9242,physics,G,G,0.95,0.762654470362122,0.95,73
9243,physics,G,D,1.0,0.8897668083952881,0.9,50
9244,physics,J,A,0.95,0.809355831916337,0.0,69
9245,physics,C,C,0.9,0.8419691253551789,0.9,100
9246,physics,J,D,1.0,0.7745544415083038,0.8,99
9247,physics,C,C,0.95,0.8282914283475218,0.95,98
9248,physics,F,E,0.9,0.8742006480288228,0.9,125
9249,physics,B,B,0.95,0.8510236569251025,0.95,211
9250,physics,J,D,0.95,0.795040126069005,0.0,138
9251,physics,I,J,0.95,0.8493454505874458,0.6,91
9252,physics,I,F,0.95,0.915350501710311,0.95,318
9253,physics,C,H,0.95,0.8425472798771988,0.95,125
9254,physics,B,B,0.95,0.8474131054819678,0.95,102
9255,physics,I,J,0.95,0.7807770108885974,0.95,186
9256,physics,G,G,0.95,0.8573075840357641,1.0,241
9257,physics,F,,0.95,0.8946221771462058,0.95,100
9258,physics,D,H,0.95,0.7900486742160546,0.95,74
9259,physics,F,B,0.9,0.9008723024606484,0.4,228
9260,physics,C,H,0.85,0.7574350052965048,0.85,66
9261,physics,B,A,1.0,0.7756809853589434,0.95,165
9262,physics,C,C,1.0,0.7943982794878484,0.9,221
9263,physics,A,A,1.0,0.8786413733801139,1.0,81
9264,physics,C,A,1.0,0.7058452084293964,0.9,171
9265,physics,I,B,0.8,0.8598273375185063,0.0,94
9266,physics,B,B,0.99,0.8659568870011414,0.99,210
9267,physics,I,I,1.0,0.9510544643960458,1.0,147
9268,physics,J,F,0.95,0.8080029887424354,0.95,97
9269,physics,C,C,0.85,0.7972456293808292,0.85,173
9270,physics,G,E,0.98,0.8955111921188452,0.49,101
9271,physics,F,I,0.95,0.8506834255589097,0.95,134
9272,physics,J,F,0.9,0.8583808551294401,0.9,356
9273,physics,E,C,0.9,0.837631180468744,0.4,311
9274,physics,G,G,0.95,0.7510437669883743,0.95,135
9275,physics,G,H,0.9,0.8160536096142953,0.9,389
9276,physics,B,B,1.0,0.7394152891799283,0.9,207
9277,physics,H,B,0.95,0.8492074424081908,0.31666666666666665,127
9278,physics,D,D,1.0,0.8766771986908353,0.7,335
9279,physics,B,C,0.5,0.7409655728767365,0.4,436
9280,physics,H,D,0.95,0.8498911699913446,0.95,137
9281,physics,A,B,0.95,0.8453952391942315,0.95,178
9282,physics,G,B,0.95,0.8977073230911021,0.95,63
9283,physics,I,A,,0.8288680332725504,,367
9284,physics,F,H,0.65,0.7845754991651669,0.65,409
9285,physics,G,C,0.85,0.7553828202716016,0.85,130
9286,physics,C,D,0.9,0.703081173116494,0.9,600
9287,physics,A,F,0.9,0.8598864005357875,0.9,62
9288,physics,D,D,0.95,0.8537305854512368,0.95,112
9289,physics,A,A,0.95,0.8040057024286087,0.95,197
9290,physics,D,D,0.9,0.785488538302901,0.9,94
9291,physics,F,E,0.95,0.8988065183830313,0.95,125
9292,physics,A,A,0.95,0.7881588871557453,0.95,207
9293,physics,H,B,0.8,0.8184016272467175,0.8,62
9294,physics,C,C,1.0,0.7614571874555619,1.0,150
9295,physics,I,H,0.9,0.7471592253614593,0.0,471
9296,physics,F,C,0.95,0.8650998871837319,0.95,84
9297,physics,C,C,1.0,0.7893707235302059,0.9,320
9298,physics,H,D,0.9,0.85646800528324,1.0,247
9299,physics,G,A,1.0,0.8332273810306591,1.0,225
9300,physics,C,J,1.0,0.9037051140361805,0.0,378
9301,physics,G,I,0.1,0.869805728186462,0.0,426
9302,physics,F,J,0.3,0.8136830850853127,0.6,766
9303,physics,F,B,0.9,0.7764035867720259,0.4,265
9304,physics,J,J,0.9,0.857436288190746,0.9,172
9305,physics,H,H,0.9,0.8722567391961831,0.9,130
9306,physics,J,D,0.95,0.8887062650662093,0.95,94
9307,physics,I,C,0.95,0.8841036851601562,0.95,95
9308,physics,I,H,0.5,0.7394376837992725,0.7,142
9309,physics,C,E,1.0,0.9043992574419216,0.9,260
9310,physics,A,D,0.4,0.8403800183579707,0.4,270
9311,physics,B,C,0.9,0.8471163160688461,0.9,221
9312,physics,G,G,0.9,0.8775123555631543,0.8,207
9313,physics,B,F,1.0,0.8849349040974387,1.0,118
9314,physics,D,D,1.0,0.8655445824042691,1.0,82
9315,physics,G,B,0.95,0.9144954846409058,0.95,196
9316,physics,B,J,0.9,0.8378974141509887,0.9,259
9317,physics,G,C,0.7,0.7078619188932765,0.7,195
9318,physics,B,B,0.9,0.7658579416196989,0.9,391
9319,physics,B,I,0.1,0.7864566496621472,0.0,537
9320,physics,E,B,0.95,0.9166569640183869,0.2375,120
9321,physics,D,D,0.9,0.8381354666677396,0.4,283
9322,physics,I,C,0.95,0.7785295744731623,0.95,246
9323,physics,C,D,0.6,0.8557592629262283,0.0,149
9324,physics,I,B,0.85,0.7820694051519642,0.575,179
9325,physics,D,C,0.95,0.7796651141474404,0.95,106
9326,physics,A,G,0.3,0.8276726317153094,0.3,300
9327,physics,G,G,1.0,0.9029454962483764,1.0,72
9328,physics,A,G,0.95,0.7365734677170307,0.0,284
9329,physics,H,A,0.98,0.8626243247529441,0.95,319
9330,physics,E,H,0.9,0.8514013935447371,0.0,103
9331,physics,I,D,0.95,0.881735508845854,0.0,222
9332,physics,E,B,0.95,0.8749339038427552,0.0,68
9333,physics,F,D,0.9,0.9225744653155128,0.9,439
9334,physics,F,F,1.0,0.8720060926817272,1.0,121
9335,physics,I,C,0.9,0.7762436894837548,0.8,159
9336,physics,J,J,1.0,0.917266807954146,1.0,141
9337,physics,C,C,0.95,0.829000031517364,0.95,110
9338,physics,D,I,0.95,0.8743842489550658,0.8,155
9339,physics,E,D,0.85,0.8262601942377661,0.85,269
9340,physics,E,I,0.9,0.8706943249489011,0.9,103
9341,physics,B,B,0.95,0.8836922073903724,0.95,122
9342,physics,F,D,0.8,0.8222976444486709,0.8,59
9343,physics,E,F,0.9,0.7173205845773739,0.0,196
9344,physics,E,E,1.0,0.8914224986405529,1.0,48
9345,physics,G,J,0.99,0.8165513982593516,0.0,88
9346,physics,H,H,1.0,0.9054465562154141,1.0,58
9347,physics,B,B,0.9,0.7670485649785606,0.9,257
9348,physics,G,G,0.95,0.8643060063320425,0.95,98
9349,physics,B,D,0.9,0.8195451971949934,0.0,105
9350,physics,A,D,0.95,0.8125384050046374,0.95,66
9351,physics,G,H,0.9,0.834301694729096,0.8,86
9352,physics,C,C,0.95,0.8498031767643969,0.95,69
9353,physics,H,H,0.9,0.8209583796101317,0.9,104
9354,physics,B,H,1.0,0.8608320795556459,0.9,65
9355,physics,G,G,0.95,0.7141502576987322,0.95,140
9356,physics,C,C,1.0,0.8008329137352881,1.0,136
9357,physics,G,J,0.95,0.7247023828035455,0.95,150
9358,physics,B,G,0.95,0.8069152779125437,0.95,83
9359,physics,A,A,1.0,0.8880987995084385,1.0,46
9360,physics,A,A,0.95,0.8858343990965517,0.95,55
9361,physics,G,G,0.95,0.8122190207252863,0.95,236
9362,physics,B,H,0.95,0.817076119814666,0.95,88
9363,physics,C,C,1.0,0.8609393187894229,1.0,70
9364,physics,B,A,0.95,0.8492120179752735,0.6333333333333333,89
9365,physics,E,D,0.7,0.7309811218165889,0.0,350
9366,physics,B,,0.98,0.8258114552886189,1.0,487
9367,physics,I,B,1.0,0.9255024723710706,0.4,95
9368,physics,E,D,0.9,0.7473751424568711,0.9,215
9369,physics,H,B,0.95,0.7938659427247837,0.7,139
9370,physics,H,B,0.9,0.9174006778149127,0.0,138
9371,physics,I,C,0.9,0.8738847830740928,0.4,97
9372,physics,F,B,0.9,0.8160743609927429,0.9,157
9373,physics,D,F,0.95,0.8386660019981053,0.7,305
9374,physics,J,B,0.9,0.8125303279538582,0.9,150
9375,physics,I,,0.0,0.9233856861400904,0.0,197
9376,physics,A,A,1.0,0.8255594029205477,1.0,253
9377,physics,E,E,1.0,0.782867430127092,0.95,142
9378,physics,D,J,0.5,0.8327018686733537,0.0,259
9379,physics,G,A,0.95,0.865953771894684,0.0,109
9380,physics,C,D,0.9,0.7997171808674269,0.0,187
9381,physics,E,J,0.99,0.8236344348955098,0.0,153
9382,physics,G,G,0.9,0.7465678108239756,0.9,205
9383,physics,C,A,0.98,0.8244531060405154,1.0,163
9384,physics,A,I,0.9,0.7816108559531765,0.9,208
9385,physics,F,,0.8,0.7464986095394486,0.0,549
9386,physics,B,B,1.0,0.8768584852589164,0.95,402
9387,physics,B,A,0.95,0.8405008004075529,0.0,149
9388,physics,F,F,1.0,0.8215598390363342,1.0,140
9389,physics,A,D,0.95,0.765253279380469,1.0,136
9390,physics,H,D,0.95,0.8960057794649321,0.95,68
9391,physics,E,B,0.95,0.888489617918611,0.95,206
9392,physics,B,B,0.85,0.7946116426873243,0.85,443
9393,physics,B,H,0.3,0.8065218144122017,0.3,318
9394,physics,J,I,0.99,0.8916263718620058,0.6,124
9395,physics,D,,0.0,0.8852154267293486,0.0,551
9396,physics,D,D,0.95,0.8341485433378815,0.95,57
9397,physics,G,G,0.95,0.8375132198618164,0.95,80
9398,physics,B,B,0.6,0.7865810690780182,0.95,121
9399,physics,B,H,0.3,0.7923834149336996,0.6,398
9400,physics,A,D,1.0,0.8977741732020731,0.0,182
9401,physics,C,,1.0,0.9028513616833348,0.0,264
9402,physics,H,B,0.95,0.9452880629190857,0.0,853
9403,physics,J,C,0.95,0.8087980998567268,0.95,95
9404,physics,E,A,0.9,0.8562267060429589,0.9,119
9405,physics,E,B,0.95,0.8840328660819836,0.95,150
9406,physics,D,J,0.0,0.8110193304800857,0.0,112
9407,physics,C,J,1.0,0.8215076644179068,1.0,229
9408,physics,C,F,1.0,0.933713506174921,1.0,240
9409,physics,F,B,0.9,0.8945923135986457,0.0,83
9410,physics,D,C,0.8,0.6823948556890649,0.8,221
9411,physics,A,D,0.95,0.8601573232716788,0.95,223
9412,physics,F,,0.0,0.861739081257719,0.5,407
9413,physics,G,G,1.0,0.9038516908495485,1.0,57
9414,physics,D,B,0.95,0.8661682023756738,0.95,151
9415,physics,I,B,0.95,0.8227533957304725,0.95,187
9416,physics,G,G,0.95,0.8614028964815386,0.95,203
9417,physics,G,G,0.9,0.7328992979638383,0.9,248
9418,physics,A,D,0.97,0.7924150674673073,0.97,62
9419,physics,E,E,1.0,0.8845238379377454,1.0,128
9420,physics,F,B,0.9,0.807823924232824,0.9,59
9421,physics,A,C,0.95,0.8699614049261197,0.4,151
9422,physics,E,I,1.0,0.9481764428694666,,1488
9423,physics,A,A,0.95,0.8186483747157479,0.95,425
9424,physics,C,H,0.95,0.7535734601461103,0.95,243
9425,physics,E,C,1.0,0.8770131970978592,0.9,293
9426,physics,J,E,1.0,0.9057915748800022,0.8,418
9427,physics,H,A,0.92,0.8911768689991714,0.9,154
9428,physics,F,A,1.0,0.8986213899762984,0.0,127
9429,physics,B,J,0.9,0.8998239216441776,0.0,201
9430,physics,E,C,0.9,0.7733589833636438,0.4,187
9431,physics,D,B,0.92,0.7807535044868096,0.0,305
9432,physics,B,E,0.95,0.8486260481071168,0.95,125
9433,physics,F,B,0.9,0.8233627716015202,0.0,154
9434,physics,A,A,1.0,0.835815360985025,1.0,178
9435,physics,I,C,0.95,0.8878643777908256,1.0,190
9436,physics,I,H,1.0,0.8601123536844885,0.4,41
9437,physics,F,F,0.75,0.7483082767453764,0.75,91
9438,physics,C,,0.9,0.8359499791175322,0.9,229
9439,physics,B,J,1.0,0.8534001787611497,1.0,202
9440,physics,H,H,0.9,0.7123226918209028,0.9,104
9441,physics,F,E,0.9,0.8630118148910314,0.0,96
9442,physics,G,A,1.0,0.9129458929023843,0.4,215
9443,physics,D,D,0.95,0.7710322767352649,0.95,201
9444,physics,H,C,1.0,0.8347413774877623,1.0,198
9445,physics,G,B,0.95,0.8788887037069614,0.95,49
9446,physics,H,F,0.95,0.7585883988618014,0.95,80
9447,physics,C,C,0.95,0.8165815480048625,1.0,60
9448,physics,F,F,0.95,0.8489671301616138,0.95,67
9449,physics,D,D,0.95,0.8599621748309851,0.95,91
9450,physics,A,B,0.85,0.7421219878991607,0.85,80
9451,physics,F,B,0.9,0.7690995827247389,0.9,118
9452,physics,J,J,0.8,0.8756327526327718,0.6,374
9453,physics,H,C,0.9,0.7619815516999621,0.7,166
9454,physics,I,J,0.98,0.8836604483482478,0.98,221
9455,physics,I,B,0.95,0.904504402261125,0.95,121
9456,physics,C,A,0.8,0.7673907796677064,0.8,95
9457,physics,I,I,0.95,0.8766045933543845,0.95,156
9458,physics,E,E,1.0,0.7397554905767162,1.0,300
9459,physics,A,,0.92,0.8094359571401266,0.0,319
9460,physics,F,F,1.0,0.8371654703002979,1.0,164
9461,physics,A,A,1.0,0.9105415079277603,1.0,209
9462,physics,H,H,0.95,0.811815564181672,0.95,178
9463,physics,A,A,0.95,0.8752264154121884,0.95,278
9464,physics,D,D,0.75,0.7774225246152043,0.4,487
9465,physics,G,G,0.95,0.9292472854047152,1.0,65
9466,physics,J,D,0.9,0.8665544360572279,0.9,103
9467,physics,D,J,0.3,0.7657882496933994,0.4,337
9468,physics,F,G,0.92,0.9105773059095373,0.8,236
9469,physics,J,D,0.94,0.8105764893661677,0.7,451
9470,physics,I,I,0.5,0.8368083863649991,0.7,307
9471,physics,I,J,0.95,0.9115855675368209,0.0,102
9472,physics,G,J,0.85,0.8655003619592516,0.0,226
9473,physics,A,A,1.0,0.8741256300014261,1.0,80
9474,physics,I,H,0.95,0.8523308265684352,0.95,315
9475,physics,I,B,0.95,0.8006438349730112,0.95,270
9476,physics,E,B,0.95,0.792205787374266,0.95,140
9477,physics,A,J,0.75,0.7895187136311889,0.4,356
9478,physics,F,B,0.75,0.8235188084062119,0.4,359
9479,physics,G,D,0.85,0.8101781192545142,0.6,419
9480,physics,E,F,0.95,0.7806080006565935,0.95,114
9481,physics,H,E,0.95,0.8443553605432339,0.95,148
9482,physics,I,H,0.5,0.8332135429962451,0.4,203
9483,physics,F,A,0.95,0.7344692178279961,0.4,309
9484,physics,C,C,0.99,0.8797425970474199,1.0,135
9485,physics,I,B,0.95,0.7591596466983632,0.95,225
9486,physics,G,B,0.9,0.8902886813942592,0.9,212
9487,physics,C,C,0.95,0.8103189880219415,0.9,82
9488,physics,I,E,0.9,0.809335199958535,0.9,158
9489,physics,E,E,1.0,0.7521570208688647,1.0,130
9490,physics,E,E,0.9,0.7626459724374619,0.9,99
9491,physics,H,H,0.85,0.7275303522423942,0.85,212
9492,physics,E,H,1.0,0.8572109734461097,1.0,103
9493,physics,C,E,0.9,0.7620350903177092,0.9,85
9494,physics,G,H,0.95,0.7293181682733841,0.95,139
9495,physics,G,B,0.98,0.8792154374269351,0.0,100
9496,physics,H,G,1.0,0.9042867243075432,0.0,173
9497,physics,G,G,0.99,0.896059160078014,1.0,205
9498,physics,H,C,0.99,0.8957329972900748,0.99,309
9499,physics,A,B,1.0,0.8913029251961695,0.0,158
9500,physics,D,C,0.5,0.8485292862866989,0.4,978
9501,physics,I,E,0.98,0.7736244768781786,0.98,98
9502,physics,F,F,0.95,0.8351286898622242,0.95,102
9503,physics,J,,0.85,0.8428652601669192,0.9,170
9504,physics,C,B,0.95,0.8197901310009504,0.95,68
9505,physics,A,H,0.8,0.7892105753148942,0.4,375
9506,physics,E,E,0.95,0.8672147206111638,0.95,139
9507,physics,H,A,1.0,0.9238595334784419,0.0,148
9508,physics,H,D,0.85,0.8363868758019356,0.9,192
9509,physics,G,B,0.85,0.8357792343753144,0.85,243
9510,physics,F,B,0.4,0.9226811155104656,0.0,277
9511,physics,A,B,0.95,0.8156832388650328,0.95,69
9512,physics,J,C,0.9,0.8657222167235024,0.9,179
9513,physics,B,B,0.85,0.8862752520177208,0.85,179
9514,physics,J,B,0.9,0.8414216922993475,0.5,101
9515,physics,C,B,0.95,0.749137375455875,0.95,145
9516,physics,E,E,0.9,0.8626485522469398,1.0,206
9517,physics,I,B,0.95,0.8893390520263776,0.95,193
9518,physics,A,A,0.95,0.8919971595746496,1.0,104
9519,physics,I,A,1.0,0.8203410289935233,0.0,130
9520,physics,A,B,0.98,0.9372376859931233,0.0,127
9521,physics,D,B,0.9,0.8693772289545167,0.0,70
9522,physics,C,A,0.92,0.796130699967909,0.92,97
9523,physics,D,E,0.95,0.7697671803156468,0.4,115
9524,physics,E,E,0.99,0.8288650147411285,0.99,242
9525,physics,E,B,0.9,0.7985108429121532,0.9,120
9526,physics,I,C,1.0,0.8776849346702111,0.0,76
9527,physics,C,C,1.0,0.7561240749030791,0.9,91
9528,physics,G,A,0.99,0.765923740896784,0.0,151
9529,physics,D,A,0.95,0.8570321610721178,0.0,129
9530,physics,B,A,0.95,0.6944367681633671,0.95,201
9531,physics,J,D,1.0,0.8610475677572721,0.8,165
9532,physics,D,D,0.99,0.7997102311389599,1.0,146
9533,physics,H,I,0.95,0.7403559301643118,0.95,142
9534,physics,H,B,0.95,0.7436653614123122,0.9,121
9535,physics,F,E,0.95,0.8459336066174016,0.4,96
9536,physics,I,I,1.0,0.8201045007080878,1.0,98
9537,physics,I,I,1.0,0.8388148651619085,1.0,40
9538,physics,A,A,0.95,0.8135244050890531,0.95,97
9539,physics,A,A,0.9,0.784281461736792,0.9,168
9540,physics,H,C,0.95,0.738634125002781,0.0,245
9541,physics,D,J,0.95,0.8121690956983548,0.975,147
9542,physics,C,C,0.95,0.8752448269274394,0.95,95
9543,physics,A,B,0.9,0.7250101676492935,0.7,262
9544,physics,B,H,0.95,0.7678006002046998,0.0,90
9545,physics,H,A,0.95,0.8782947293801515,0.0,52
9546,physics,E,E,0.95,0.8781602508461792,0.95,55
9547,physics,A,F,0.95,0.7945979886378426,0.0,75
9548,physics,J,J,0.9,0.7176499256464416,0.9,79
9549,physics,A,A,0.9,0.9077163537635509,0.9,241
9550,physics,F,E,0.5,0.8298608600167641,0.4,163
9551,physics,B,A,0.95,0.7527237443411835,0.95,246
9552,physics,J,B,0.9,0.8381481477294779,0.0,64
9553,physics,H,C,0.95,0.9001389047212254,0.9,273
9554,physics,I,C,0.95,0.8850819895290019,0.95,245
9555,physics,B,B,0.9,0.8746228490623669,0.0,587
9556,physics,B,J,1.0,0.8639782258867196,0.0,450
9557,physics,J,,0.8,0.8654218556689282,0.4,633
9558,physics,I,,1.0,0.8082434117743853,1.0,181
9559,physics,A,B,0.95,0.8502390991020442,0.95,258
9560,physics,I,I,0.98,0.8547426301576915,0.98,126
9561,physics,G,C,1.0,0.8393461369604515,0.6,93
9562,physics,A,B,0.9,0.7249331152061882,0.0,184
9563,physics,D,D,0.95,0.7501400709640462,0.95,114
9564,physics,J,D,0.9,0.8685040713011992,0.8,417
9565,physics,D,H,0.9,0.704739678606488,0.7,163
9566,physics,D,C,0.8,0.711772470047335,0.8,176
9567,physics,A,,0.0,0.8019634043383105,0.8,255
9568,physics,J,B,0.95,0.8359223818919989,0.95,157
9569,physics,H,C,0.9,0.8110131266621169,0.9,253
9570,physics,F,F,0.95,0.8710884151405223,1.0,162
9571,physics,B,C,0.99,0.8525460371807079,0.99,252
9572,physics,B,A,0.95,0.7793241107343326,0.4,387
9573,physics,F,I,0.9,0.74777518599204,0.9,94
9574,physics,D,I,0.95,0.7693841289734007,0.95,84
9575,physics,I,J,0.95,0.7594249007294979,0.95,67
9576,physics,B,,0.8,0.8517858023504054,0.0,372
9577,physics,A,A,1.0,0.9034010040925223,1.0,112
9578,physics,G,J,0.75,0.7308996255963955,0.2,209
9579,physics,E,F,1.0,0.9069299553947741,1.0,94
9580,physics,F,E,0.9,0.7763687573111011,0.9,217
9581,physics,F,E,0.8,0.8042173321987555,0.8,322
9582,physics,H,B,0.95,0.7396700283184452,0.8,88
9583,physics,E,E,0.09,0.813117683357855,1.0,414
9584,physics,D,I,0.9,0.724974544621623,0.0,150
9585,physics,I,B,0.95,0.7945481825914531,0.95,61
9586,physics,D,H,0.5,0.8490187906269503,0.7,194
9587,physics,A,E,0.9,0.9203946325598206,0.9,325
9588,physics,E,J,0.95,0.8835157184115789,0.0,116
9589,physics,G,G,0.99,0.8698078448646386,1.0,81
9590,physics,B,E,0.95,0.9209561444535497,0.4,336
9591,physics,I,I,0.95,0.8651444696003989,0.95,135
9592,physics,G,D,1.0,0.8957182413852216,0.0,67
9593,physics,C,J,0.5,0.8544456342353624,0.0,204
9594,physics,C,F,0.9,0.752642063032016,0.7,185
9595,physics,H,C,0.9,0.8934146597939846,0.4,82
9596,physics,A,C,0.95,0.796405041532485,0.0,96
9597,physics,J,J,0.75,0.76555496023421,0.75,66
9598,physics,C,B,0.9,0.8780459025016429,0.9,190
9599,physics,D,A,0.99,0.8378051479097423,0.99,140
9600,physics,D,D,0.9,0.8211816313737046,0.8,255
9601,physics,I,B,0.95,0.82534308179353,0.95,315
9602,physics,G,G,0.8,0.8254075987515543,0.4,208
9603,physics,G,B,0.95,0.8357783253621588,0.95,133
9604,physics,J,J,0.95,0.9040054874424325,0.95,199
9605,physics,C,I,0.95,0.8691912020167969,0.95,138
9606,physics,G,I,0.7,0.6247476177510511,0.7,79
9607,physics,E,E,1.0,0.8696218240562551,1.0,187
9608,physics,C,D,0.9,0.8707147678700518,0.9,96
9609,physics,E,C,0.95,0.8355483760396721,0.95,146
9610,physics,C,E,0.95,0.8212201976731872,0.8,134
9611,physics,I,G,0.98,0.8726197401138984,0.98,135
9612,physics,I,A,0.85,0.8765830066644389,0.0,251
9613,physics,I,J,1.0,0.8561707179611867,1.0,177
9614,physics,H,A,0.95,0.8692860561686657,0.95,103
9615,physics,J,D,0.99,0.8388520321287002,0.0,246
9616,physics,H,D,0.95,0.8581697640135006,0.0,104
9617,physics,I,I,1.0,0.7751268617967779,0.8,145
9618,physics,G,G,0.92,0.8773045965998777,0.9,369
9619,physics,F,H,0.8,0.7800298301493043,0.8,182
9620,physics,J,A,1.0,0.8452943966476104,0.0,163
9621,physics,A,I,0.95,0.7538463719839621,0.0,146
9622,physics,E,E,0.9,0.7802982097801247,0.9,82
9623,physics,D,I,0.95,0.7647143449285384,0.875,120
9624,physics,H,C,0.95,0.7790784779985261,0.95,111
9625,physics,A,A,0.8,0.6089050630817389,0.8,276
9626,physics,B,B,0.9,0.8732776315340952,1.0,277
9627,physics,D,D,1.0,0.8582073380998912,1.0,323
9628,physics,I,I,0.8,0.7483967620500056,0.8,246
9629,physics,H,H,0.95,0.7140371396818912,0.95,142
9630,physics,H,C,0.8,0.868100421073672,0.8,62
9631,physics,A,A,0.95,0.7575601778175035,0.95,270
9632,physics,G,G,1.0,0.885241303906589,1.0,160
9633,physics,I,H,0.95,0.8648893055491511,0.0,156
9634,physics,F,F,0.95,0.8528869616241912,0.95,51
9635,physics,G,G,0.9,0.7682882680146272,0.9,81
9636,physics,C,C,0.8,0.6983594216824645,0.8,181
9637,physics,B,G,0.95,0.826281837856033,0.0,55
9638,physics,H,H,0.95,0.8412299223056318,0.95,61
9639,physics,H,H,0.95,0.7381925011503659,0.95,141
9640,physics,I,C,0.98,0.8825355627271684,0.0,205
9641,physics,I,B,0.95,0.8426422688870155,0.95,102
9642,physics,H,I,0.95,0.8503539144944292,0.0,136
9643,physics,C,D,0.9,0.8628391663809328,0.9,212
9644,physics,A,H,0.95,0.7322387597254932,0.4,175
9645,physics,A,C,0.9,0.7961648471031623,0.8,157
9646,physics,C,D,0.95,0.8355153628298394,0.95,170
9647,physics,G,,0.99,0.8954585273158744,1.0,162
9648,physics,I,A,0.95,0.869801683259069,0.95,149
9649,physics,D,I,0.92,0.7677435595938231,0.8,107
9650,physics,I,,0.7,0.7787841630367315,0.0,271
9651,physics,G,B,0.95,0.8815620802941653,0.875,113
9652,physics,A,I,0.5,0.793790437336113,0.5,425
9653,physics,B,A,1.0,0.892762122774133,0.7,93
9654,physics,G,J,0.9,0.7607335523891556,0.7,197
9655,physics,G,E,0.9,0.6707838781593968,0.9,286
9656,physics,C,B,0.7,0.7759102605504755,0.7,83
9657,physics,H,A,1.0,0.8747768415981068,0.9,184
9658,physics,H,G,0.55,0.8556679846329841,1.0,306
9659,physics,F,F,0.9,0.9030650347742503,0.0,427
9660,physics,D,B,0.92,0.8822155867181658,0.92,121
9661,physics,G,G,0.9,0.8170131360285317,0.9,70
9662,physics,G,F,0.9,0.8536261887553805,0.0,171
9663,physics,D,I,0.95,0.9046958455610331,0.0,106
9664,physics,H,H,0.95,0.8268535347420849,0.95,312
9665,physics,D,D,0.9,0.8980498833711652,0.4,346
9666,physics,C,B,1.0,0.8814327273824442,0.8,157
9667,physics,F,C,0.9,0.8499748182042199,0.9,187
9668,physics,H,F,0.99,0.7733618864780478,0.6,525
9669,physics,H,D,0.9,0.788047536968455,0.9,347
9670,physics,A,B,0.95,0.8994119473327342,0.95,133
9671,physics,I,J,0.95,0.8389999521670266,0.95,199
9672,physics,A,B,0.95,0.8515797673672745,0.7,178
9673,physics,H,D,1.0,0.8021649050035651,0.9,263
9674,physics,A,A,0.93,0.7082577045023992,0.0,364
9675,physics,A,H,0.95,0.8107328094717393,0.95,116
9676,physics,B,F,0.9,0.8634598057610136,0.8,95
9677,physics,G,B,1.0,0.8497552732480904,1.0,223
9678,physics,C,C,0.95,0.723383726780929,0.95,201
9679,physics,G,E,0.4,0.7048562922164071,0.4,311
9680,physics,B,B,0.95,0.8553373828935855,0.95,76
9681,physics,G,J,0.9,0.7985233036142818,0.9,86
9682,physics,B,C,0.95,0.791564871358375,0.9,51
9683,physics,A,F,0.95,0.7772795025428898,0.95,84
9684,physics,H,I,0.9,0.6915387705479149,0.4,82
9685,physics,C,A,0.95,0.8330581762581397,0.4,80
9686,physics,I,B,0.8,0.7844292486441213,0.4,263
9687,physics,A,B,0.95,0.9033320805174972,0.4,49
9688,physics,B,E,0.8,0.896464076328127,1.0,65
9689,physics,F,G,1.0,0.9212218248216044,0.0,359
9690,physics,B,B,0.98,0.9258685218001624,0.98,189
9691,physics,I,H,0.95,0.9198117781452939,0.95,352
9692,physics,F,I,0.95,0.7994120143718109,0.0,162
9693,physics,C,B,0.95,0.7208174610492188,0.8,310
9694,physics,J,B,0.9,0.8210171800221201,0.8,75
9695,physics,D,A,1.0,0.8979630319759841,0.3333333333333333,49
9696,physics,E,E,0.95,0.8597708319814205,0.8,459
9697,physics,A,A,1.0,0.8167225598722158,1.0,134
9698,physics,J,C,0.95,0.9259063330208048,0.95,171
9699,physics,I,A,1.0,0.9213483834905496,1.0,67
9700,physics,J,H,0.9,0.8392494626114108,0.0,196
9701,physics,G,C,0.9,0.8948690331739977,0.9,225
9702,physics,I,F,1.0,0.9183929196197801,0.9,148
9703,physics,E,E,0.9,0.7277179911740145,1.0,78
9704,physics,D,D,0.98,0.8105868578975143,0.8,267
9705,physics,B,B,1.0,0.8445891603065171,0.8,276
9706,physics,E,A,0.95,0.8397676626887879,0.95,119
9707,physics,G,A,0.9,0.8289300407011526,0.9,180
9708,physics,C,C,0.85,0.856385145562692,0.6,477
9709,physics,A,B,0.9,0.8663177763930068,0.0,203
9710,physics,J,C,0.9,0.6988329933653094,0.9,255
9711,physics,G,B,0.95,0.8356291949744297,0.95,239
9712,physics,B,B,1.0,0.8600639182539602,1.0,145
9713,physics,E,B,0.9,0.8503486379313645,0.9,67
9714,physics,J,C,0.85,0.6740190082674007,0.85,111
9715,physics,I,H,0.9,0.8433758241153152,0.9,384
9716,physics,I,J,0.95,0.7570161268844681,0.95,111
9717,physics,C,A,0.9,0.862811146582201,0.9,137
9718,physics,A,C,0.98,0.8579990287956365,0.0,152
9719,physics,G,C,0.95,0.8558934085337974,0.95,177
9720,physics,D,D,1.0,0.9225819144286683,1.0,106
9721,physics,J,D,0.85,0.8271143277203448,0.85,74
9722,physics,A,A,0.9,0.8636434777435942,0.9,117
9723,physics,F,I,0.9,0.8714453273332278,0.9,236
9724,physics,C,A,0.95,0.8007352596656236,0.6,320
9725,physics,G,B,0.95,0.8877516967318259,0.0,192
9726,physics,C,D,0.95,0.9008222144566118,0.0,96
9727,physics,E,I,0.0,0.9008759097827096,0.0,418
9728,physics,E,J,0.85,0.896707310656024,0.4,149
9729,physics,D,D,0.95,0.8711733411838548,0.95,108
9730,physics,D,,0.93,0.8889279758845707,0.4,354
9731,physics,J,C,0.95,0.8412600105106183,0.95,104
9732,physics,C,I,0.95,0.7673613476964926,0.0,129
9733,physics,B,C,0.8,0.8730852654814654,0.4,344
9734,physics,G,I,0.9,0.700192946294404,0.2,143
9735,physics,F,F,0.95,0.8133582936637714,0.95,146
9736,physics,A,A,1.0,0.8815271188144538,1.0,61
9737,physics,J,J,0.95,0.8476570051987975,0.95,145
9738,physics,D,H,0.85,0.6695069439578434,0.85,227
9739,physics,C,A,0.95,0.7384789837198338,0.7,101
9740,physics,A,C,1.0,0.8442026838034272,0.0,79
9741,physics,G,A,0.9,0.6924601724785119,0.9,203
9742,physics,J,J,0.95,0.8715829261097648,0.95,112
9743,physics,A,A,0.9,0.7561067868219595,0.9,148
9744,physics,F,F,0.95,0.8090388886576979,1.0,51
9745,physics,G,G,1.0,0.879131221575703,1.0,35
9746,physics,I,J,0.92,0.7713425491323156,0.0,110
9747,physics,D,,1.0,0.8127051616541955,0.7,132
9748,physics,C,C,0.95,0.850118810744281,0.95,47
9749,physics,F,I,0.97,0.8749627589688255,0.9,69
9750,physics,I,A,0.95,0.8192753655630841,0.4,59
9751,physics,I,I,0.95,0.8278500174387601,0.95,67
9752,physics,J,D,0.95,0.8350772781922456,0.95,53
9753,physics,B,D,1.0,0.8798913437859154,0.8,100
9754,physics,G,I,1.0,0.8506034381965584,1.0,80
9755,physics,D,B,1.0,0.8330690663707259,1.0,55
9756,physics,H,E,0.95,0.9310536021911048,0.0,279
9757,physics,E,F,1.0,0.7461571764995497,1.0,89
9758,physics,C,E,1.0,0.8563257431049934,1.0,57
9759,physics,G,H,0.95,0.9118741569734226,0.0,70
9760,physics,F,G,0.9,0.8384497221972523,0.0,99
9761,physics,F,H,0.84,0.9073419625713159,0.8,338
9762,physics,F,F,0.9,0.8644407054430284,0.0,162
9763,physics,C,D,0.95,0.8216105652119996,0.95,174
9764,physics,E,C,0.9,0.8199811007276163,0.0,109
9765,physics,I,E,0.85,0.7841078235790504,0.85,290
9766,physics,D,F,0.85,0.769669303088166,0.85,282
9767,physics,A,B,1.0,0.8973072381652414,1.0,89
9768,physics,E,C,0.95,0.8553697077280452,0.95,213
9769,physics,A,,0.5,0.8756618906110425,0.4,545
9770,physics,B,B,0.9,0.8349411841296014,0.4,170
9771,physics,J,H,0.95,0.8597206340189384,0.0,188
9772,physics,A,A,1.0,0.9231362491992181,1.0,158
9773,physics,A,E,0.95,0.8361202468392425,0.4,142
9774,physics,C,D,0.65,0.7833889919435894,0.4,367
9775,physics,E,C,0.9,0.8319425352277002,0.4,347
9776,physics,E,F,0.8,0.803260061088296,0.4,219
9777,physics,C,E,0.9,0.8006958005355547,0.9,238
9778,physics,G,D,0.95,0.8573649450747232,0.7,98
9779,physics,G,D,0.92,0.7457394447946488,0.4,238
9780,physics,H,A,0.98,0.8254163724012247,0.98,165
9781,physics,C,D,0.95,0.8725953836762355,0.9,84
9782,physics,E,D,0.0,0.8409785291065967,0.5,308
9783,physics,F,G,0.95,0.7590629179731874,0.95,294
9784,physics,B,,0.0,0.8279462488305134,0.0,467
9785,physics,F,,0.9,0.669572648796056,0.7,188
9786,physics,A,A,1.0,0.8520989375861319,1.0,265
9787,physics,A,A,1.0,0.90774101569975,1.0,114
9788,physics,D,A,0.75,0.858227995380302,0.8,247
9789,physics,E,I,1.0,0.6941615097389908,0.6,350
9790,physics,I,A,0.9,0.8040705254513729,0.9,123
9791,physics,H,H,1.0,0.8615438787843333,0.0,93
9792,physics,B,J,0.2,0.8390388399070943,0.4,126
9793,physics,A,C,0.95,0.777093931897951,0.8,273
9794,physics,G,B,0.95,0.8590361866790237,0.95,79
9795,physics,F,J,0.9,0.7497072077394981,0.9,104
9796,physics,C,A,0.85,0.7857236341551737,0.85,188
9797,physics,E,E,0.95,0.8113513444389122,0.95,131
9798,physics,C,D,0.9,0.733529714519131,0.7,103
9799,physics,A,D,0.95,0.7292507874451949,0.95,253
9800,physics,H,B,0.95,0.8785540918406485,0.95,78
9801,physics,B,B,0.9,0.8685457107746084,1.0,172
9802,physics,E,H,0.95,0.8889756101874392,0.0,88
9803,physics,B,B,0.95,0.7791573471195036,0.95,179
9804,physics,J,H,1.0,0.7781770205591458,0.0,105
9805,physics,J,F,1.0,0.874362895063664,0.0,234
9806,physics,D,D,0.95,0.7707011619167508,0.95,67
9807,physics,F,J,0.0,0.8111424656812524,1.0,378
9808,physics,G,D,0.95,0.8123984795003384,0.6,73
9809,physics,I,A,1.0,0.9207136667081971,1.0,124
9810,physics,C,H,0.85,0.9013423822899489,0.9,469
9811,physics,F,C,0.95,0.8768525937943841,0.95,165
9812,physics,G,H,0.95,0.8381193923017201,0.48333333333333334,181
9813,physics,A,G,0.95,0.8102518198072837,0.9,177
9814,physics,E,H,0.5,0.6740665004434091,0.5,202
9815,physics,F,B,0.0,0.8292760859358119,0.4,345
9816,physics,C,A,0.8,0.8208017539987209,0.7,82
9817,physics,I,C,1.0,0.8214718208908689,0.0,133
9818,physics,I,D,1.0,0.8728548051328214,1.0,152
9819,physics,A,A,0.92,0.83800825527571,0.9,239
9820,physics,H,B,0.95,0.8434955378075788,0.95,124
9821,physics,D,C,0.95,0.8492397619085492,0.95,258
9822,physics,C,C,0.95,0.7938750798908385,0.95,103
9823,physics,E,E,0.95,0.8732901619212656,0.95,155
9824,physics,D,J,0.99,0.7997568069429605,0.0,142
9825,physics,B,,1.0,0.8564225331915629,1.0,222
9826,physics,H,A,1.0,0.9272033142137405,0.3333333333333333,130
9827,physics,I,B,0.9,0.8830473757992519,0.0,131
9828,physics,D,H,0.9,0.8886395672231475,0.9,215
9829,physics,D,E,0.9,0.9028561892887483,0.6,256
9830,physics,I,B,0.9,0.8889514369782444,0.9,63
9831,physics,H,D,0.95,0.8307890011719554,0.0,87
9832,physics,H,D,0.85,0.8502513738789776,0.85,199
9833,physics,J,A,0.9,0.9317580037567137,0.0,176
9834,physics,I,I,0.9,0.8068251540120827,0.0,149
9835,physics,F,H,1.0,0.8069187050672529,0.225,91
9836,physics,F,C,1.0,0.8913608419758802,0.0,82
9837,physics,J,D,0.95,0.8882002453449976,0.8,183
9838,physics,B,B,0.95,0.8572749697923256,0.95,181
9839,physics,B,B,0.9,0.8181099403688809,0.9,316
9840,physics,E,B,0.7,0.6842432370236186,0.7,199
9841,physics,J,B,0.85,0.8954795860710529,0.85,104
9842,physics,C,D,0.97,0.8957161734003186,0.97,62
9843,physics,I,I,0.9,0.7901684988341757,1.0,67
9844,physics,B,B,1.0,0.803781107176487,1.0,103
9845,physics,B,A,1.0,0.9428471754438565,1.0,97
9846,physics,H,C,1.0,0.8350893763319877,1.0,137
9847,physics,E,A,0.9,0.8927975609643969,1.0,141
9848,physics,A,E,0.95,0.7694307303000121,0.0,72
9849,physics,A,A,0.95,0.8058015989589531,0.95,71
9850,physics,E,E,0.9,0.8233784788481405,0.9,114
9851,physics,F,G,1.0,0.8566710604762332,0.8,73
9852,physics,D,I,1.0,0.9069021854185718,0.0,84
9853,physics,H,E,0.9,0.8834003277176141,0.0,431
9854,physics,B,E,0.95,0.770489742011488,0.95,117
9855,physics,I,I,1.0,0.8794370394479062,1.0,69
9856,physics,H,C,1.0,0.7897628103911455,0.8,169
9857,physics,C,C,0.9,0.7671157792996224,0.9,87
9858,physics,C,E,0.8,0.7914655694857735,0.8,109
9859,physics,H,B,0.95,0.8113432635414299,0.95,56
9860,physics,B,G,0.9,0.8752445070776446,0.5,149
9861,physics,F,A,0.95,0.7715695402252976,0.6,85
9862,physics,G,D,0.95,0.7540995385202398,0.95,67
9863,physics,E,E,0.9,0.7734591655698637,0.9,105
9864,physics,J,F,0.92,0.7178854541886222,0.0,204
9865,physics,A,A,0.95,0.7437849727914417,0.95,171
9866,physics,C,H,0.85,0.7421052274282686,0.9,67
9867,physics,A,A,0.95,0.7687498685118458,0.95,104
9868,physics,F,A,1.0,0.9175781014370862,0.0,57
9869,physics,A,I,0.9,0.7705322390574724,0.8,151
9870,physics,I,F,1.0,0.8703404129226435,0.7,90
9871,physics,D,A,1.0,0.8449612291602,1.0,135
9872,physics,J,A,0.95,0.8622863759532796,0.0,275
9873,physics,G,C,0.95,0.9147361788095114,0.0,114
9874,physics,C,B,0.9,0.7033279944085293,0.0,117
9875,physics,G,C,0.95,0.8700263376536427,0.0,138
9876,physics,G,B,1.0,0.8542469574866915,0.0,140
9877,physics,J,F,1.0,0.8723735079247841,0.0,368
9878,physics,G,B,0.7,0.6886771455240837,0.7,75
9879,physics,H,H,0.95,0.8294809604303324,0.95,129
9880,physics,E,G,0.95,0.7815562787265935,0.95,114
9881,physics,A,A,1.0,0.9254741172280437,1.0,224
9882,physics,E,E,0.95,0.8813623632660069,0.95,224
9883,physics,D,D,0.95,0.8510749738922938,0.95,176
9884,physics,I,B,0.95,0.8305468621349616,0.6,235
9885,physics,D,,0.75,0.8402463243705527,0.6,295
9886,physics,H,D,0.5,0.8046768582827349,0.0,226
9887,physics,F,F,0.9,0.8208926286484683,1.0,177
9888,physics,F,A,0.95,0.8417556245495831,0.0,583
9889,physics,H,C,0.9,0.8565093450168456,0.9,222
9890,physics,A,E,0.95,0.7589311287196749,0.95,219
9891,physics,J,A,0.0,0.7974851044031909,0.0,156
9892,physics,B,A,0.95,0.7724467355999505,0.95,125
9893,physics,I,I,0.9,0.9359610862096853,0.9,157
9894,physics,A,B,0.9,0.8594857810622665,0.9,116
9895,physics,H,C,0.95,0.825728766600913,0.95,171
9896,physics,B,,0.95,0.7725442965017038,0.95,361
9897,physics,H,A,0.85,0.7884314906962517,0.4,310
9898,physics,I,A,0.95,0.7573213127436704,0.95,176
9899,physics,F,B,1.0,0.7850851242220259,0.95,98
9900,physics,D,D,0.95,0.8628298830888403,0.8,38
9901,physics,A,D,0.95,0.7243115474451322,0.4,104
9902,physics,E,C,0.95,0.7891248233111674,0.95,96
9903,physics,J,G,1.0,0.7878904050721544,0.9,199
9904,physics,J,C,0.95,0.8529754716917,0.95,110
9905,physics,F,F,0.95,0.829299408636877,0.95,55
9906,physics,J,B,0.95,0.897270653871045,0.0,78
9907,physics,I,C,0.9,0.62730690041897,0.6,296
9908,physics,E,A,0.9,0.8980753447741496,0.0,113
9909,physics,E,E,1.0,0.9093519668263101,1.0,243
9910,physics,G,A,0.9,0.9009897816608475,1.0,293
9911,physics,F,E,0.9,0.7794180735082231,0.7,193
9912,physics,A,C,1.0,0.9025602164243084,0.0,186
9913,physics,J,A,0.95,0.7098125206218333,0.95,186
9914,physics,F,B,0.85,0.8440901233694971,0.8,132
9915,physics,E,A,0.99,0.888133513731951,0.0,106
9916,physics,G,D,0.85,0.8688179629861164,0.95,286
9917,physics,E,I,0.95,0.8437583705862037,0.95,140
9918,physics,C,E,1.0,0.8806968924797948,1.0,253
9919,physics,A,I,1.0,0.9121955267597514,0.95,323
9920,physics,F,F,0.95,0.8684315342081385,0.95,168
9921,physics,C,D,0.95,0.9089584880721461,0.95,253
9922,physics,A,A,0.95,0.9111706243200212,0.95,251
9923,physics,J,D,0.99,0.8985781954762037,0.99,273
9924,physics,D,D,1.0,0.9389003162096079,1.0,99
9925,physics,H,J,1.0,0.7608814765097938,0.0,241
9926,physics,C,D,1.0,0.793827075321706,0.0,106
9927,physics,J,J,0.9,0.8117756613756025,1.0,224
9928,physics,G,C,0.92,0.8156700378232155,0.92,146
9929,physics,B,F,0.85,0.8926589774291084,0.4,70
9930,physics,D,D,0.9,0.884760416898704,0.6,658
9931,physics,B,A,0.5,0.8736930184003692,0.0,387
9932,physics,B,A,1.0,0.8955571576540131,1.0,321
9933,physics,A,A,0.95,0.8582006218439644,0.0,191
9934,physics,D,D,0.85,0.8579526790614171,0.9,186
9935,physics,H,C,0.95,0.7634600978441398,0.95,109
9936,physics,E,F,0.4,0.7754578189352918,0.4,379
9937,physics,J,D,0.6,0.8815569491824775,0.0,223
9938,physics,I,D,0.95,0.9157465203991834,0.0,211
9939,physics,B,E,0.5,0.8377529227607821,0.0,220
9940,physics,J,,1.0,0.8549549029908057,0.8,249
9941,physics,I,I,0.95,0.8996551627089576,0.95,117
9942,physics,H,H,1.0,0.9230862440410295,1.0,156
9943,physics,D,D,0.95,0.8851185964150202,1.0,57
9944,physics,H,H,0.99,0.8614072874484596,0.0,138
9945,physics,A,A,0.95,0.8241631934367014,0.9,126
9946,physics,E,E,0.9,0.8643289150283545,1.0,87
9947,physics,C,H,0.85,0.7966449528736467,0.85,159
9948,physics,E,A,0.9,0.8077197952415157,0.7,466
9949,physics,E,A,0.92,0.7302568021256356,0.9,279
9950,physics,F,F,0.95,0.8879734641459818,0.95,180
9951,physics,C,B,1.0,0.8860910085487063,0.0,71
9952,physics,D,J,0.7,0.8158693189340555,0.9,128
9953,physics,D,D,1.0,0.8913164614868544,1.0,190
9954,physics,E,E,1.0,0.7487567558225274,1.0,180
9955,physics,F,I,0.9,0.7214125710682512,0.0,214
9956,physics,D,D,0.9,0.8144666038358992,0.9,69
9957,physics,H,I,1.0,0.8463965555760539,1.0,82
9958,physics,D,F,0.95,0.8327836178335574,0.0,59
9959,physics,D,D,0.95,0.7751445835065212,1.0,104
9960,physics,C,C,1.0,0.8990768350524669,1.0,80
9961,physics,A,C,0.95,0.8381668561634941,0.4,84
9962,physics,G,G,0.9,0.7914504736040954,0.9,80
9963,physics,A,D,0.95,0.8399613786337108,0.95,57
9964,physics,E,E,1.0,0.8714850548637264,1.0,126
9965,physics,F,G,0.8,0.6942161051757405,0.2,212
9966,physics,C,D,1.0,0.8192758958397167,0.8,50
9967,physics,H,H,0.95,0.7332569570573548,0.95,66
9968,physics,I,I,0.85,0.8329515817206479,0.95,64
9969,physics,D,G,1.0,0.8797586630968636,1.0,103
9970,physics,B,H,0.95,0.7540131327386436,0.95,125
9971,physics,A,A,1.0,0.8855280433866277,1.0,68
9972,physics,H,H,0.95,0.8335023655577228,0.95,52
9973,physics,C,C,1.0,0.9181522399706622,1.0,42
9974,physics,F,F,1.0,0.936223303575995,1.0,60
9975,physics,H,H,0.95,0.9032002375878235,0.95,126
9976,physics,C,E,0.95,0.8549913289571002,0.0,139
9977,physics,D,A,0.85,0.845807146238182,0.85,138
9978,physics,D,A,1.0,0.8971330375125935,0.95,180
9979,physics,C,D,0.95,0.6644605896581357,0.95,112
9980,physics,B,B,0.9,0.7914698557408569,0.7,183
9981,physics,J,B,0.9,0.8181954021562513,0.9,116
9982,physics,I,I,0.9,0.8562700561386365,0.9,131
9983,physics,E,,1.0,0.8353888397818531,0.77,242
9984,physics,G,,1.0,0.8320311889747499,1.0,255
9985,physics,B,B,1.0,0.8230995212937501,1.0,85
9986,physics,G,E,0.97,0.8810235018872539,1.0,68
9987,physics,H,C,0.95,0.7959617282249964,0.95,188
9988,physics,I,A,1.0,0.8132751857738497,0.9,209
9989,physics,C,C,0.95,0.8674030569599338,0.95,190
9990,physics,B,F,0.9,0.8699252969477445,1.0,118
9991,physics,H,E,0.95,0.787866045482464,0.7,240
9992,physics,B,B,0.9,0.8492527698980029,0.9,63
9993,physics,H,F,0.95,0.8214338899773083,0.0,283
9994,physics,A,D,0.95,0.7283408274009465,0.95,123
9995,physics,H,H,0.95,0.8898495291866237,0.95,314
9996,physics,C,C,0.95,0.8640688787196471,0.95,112
9997,physics,C,C,0.9,0.7927024847555172,0.9,126
9998,physics,G,D,0.9,0.7442574099222317,0.9,316
9999,physics,D,,0.9,0.805248587398727,0.0,214
10000,physics,J,I,0.2,0.7949374231800731,0.0,184
10001,physics,D,B,0.99,0.8345140308154743,0.9,404
10002,physics,A,F,1.0,0.8854538935026762,0.0,169
10003,physics,J,H,0.95,0.7916622125717936,0.95,197
10004,physics,I,D,1.0,0.6480886532671408,0.0,110
10005,physics,B,B,0.95,0.8431883323789676,0.95,75
10006,physics,A,D,0.9,0.7439655828264482,0.9,515
10007,physics,I,G,0.95,0.7652482147219978,0.95,99
10008,physics,A,A,0.95,0.8852205463916536,0.95,47
10009,physics,B,E,0.95,0.7837253801012999,0.6,80
10010,physics,B,I,0.85,0.7224136442207383,0.85,75
10011,physics,I,I,0.95,0.7729027642576454,0.95,172
10012,physics,D,D,0.95,0.75642099088768,0.95,149
10013,physics,A,J,0.9,0.8529679486847149,0.9,119
10014,physics,I,I,0.95,0.8279501885447528,0.95,64
10015,physics,E,E,0.95,0.7357230290904966,0.95,186
10016,physics,G,A,1.0,0.9097024429517907,0.0,93
10017,physics,I,A,1.0,0.7963654096493693,1.0,128
10018,physics,D,G,0.9,0.8461913465590712,0.9,164
10019,physics,I,I,0.95,0.9108022940390605,0.95,156
10020,physics,J,A,1.0,0.8700727565525717,1.0,217
10021,physics,D,A,0.9,0.8936985194482517,1.0,182
10022,physics,D,E,0.9,0.8540463421385882,0.9,91
10023,physics,I,F,0.95,0.8487365781362513,0.4,198
10024,physics,I,C,0.8,0.8336883331219553,1.0,94
10025,physics,G,A,0.95,0.7147154392372982,0.95,92
10026,physics,D,A,0.0,0.9151078304467988,0.0,391
10027,physics,C,C,0.9,0.826342032486753,0.7,210
10028,physics,D,C,0.75,0.8168229215695706,0.4,112
10029,physics,I,B,0.95,0.8801750899689164,0.95,106
10030,physics,E,E,1.0,0.832825066667803,1.0,121
10031,physics,I,C,0.92,0.8879059441548326,0.0,271
10032,physics,H,G,0.95,0.8994570283596021,0.95,72
10033,physics,G,A,1.0,0.8726743387455663,1.0,194
10034,physics,D,J,1.0,0.805838924580593,0.9,394
10035,physics,A,A,1.0,0.9081356250656198,1.0,127
10036,physics,F,D,0.75,0.8056410849251642,0.7,213
10037,physics,J,J,0.9,0.8274653701273278,0.4,201
10038,physics,F,G,0.95,0.8877735805378545,0.95,161
10039,physics,H,H,1.0,0.8425792244083752,1.0,86
10040,physics,G,A,1.0,0.8779229747630097,0.8,125
10041,physics,G,D,0.7,0.8665081194841208,0.7,272
10042,physics,G,G,0.95,0.8680259539611553,0.95,177
10043,physics,J,B,0.95,0.8636417234540057,0.95,64
10044,physics,H,I,0.95,0.8977511591944946,0.95,193
10045,physics,F,A,0.8,0.8345875400913807,0.8,461
10046,physics,F,F,0.99,0.864287814820285,0.99,282
10047,physics,F,B,0.75,0.8465013286837063,0.6,119
10048,physics,J,J,1.0,0.9112268237206942,1.0,149
10049,physics,B,B,1.0,0.9229234959602292,1.0,178
10050,physics,E,C,0.95,0.7147277930286432,0.0,284
10051,physics,F,E,1.0,0.8569795088764299,1.0,117
10052,physics,A,B,1.0,0.7688555052301245,0.95,147
10053,physics,F,F,0.9,0.7778664911914799,0.9,68
10054,physics,J,I,0.95,0.8167874344855671,0.4,65
10055,physics,H,H,0.95,0.871493901356347,0.95,50
10056,physics,H,E,0.98,0.7959204251194072,0.95,118
10057,physics,J,C,1.0,0.8370090164089737,1.0,87
10058,physics,J,J,1.0,0.8279733943424491,1.0,75
10059,physics,H,H,0.95,0.9069900659170375,1.0,69
10060,physics,F,F,0.9,0.680167705899468,0.9,222
10061,physics,D,C,0.95,0.8880257340620081,0.7,421
10062,physics,H,D,0.9,0.8798901242263083,1.0,77
10063,physics,J,G,0.95,0.8016490350829981,0.95,205
10064,physics,G,D,0.95,0.904303878877057,0.95,170
10065,physics,A,E,0.95,0.9035157684357359,0.4,159
10066,physics,G,D,0.98,0.8784100556894174,0.4,314
10067,physics,A,,0.0,0.8332988729170248,0.0,203
10068,physics,G,C,0.9,0.8514607140697813,0.9,96
10069,physics,C,G,0.95,0.850780686368965,0.4,303
10070,physics,E,J,0.95,0.8451153963282977,0.0,316
10071,physics,B,,0.0,0.9022186681119397,0.0,486
10072,physics,A,J,1.0,0.909445750073171,0.0,94
10073,physics,I,D,0.9,0.8463034434857876,0.9,96
10074,physics,F,E,0.9,0.8548570006627522,1.0,154
10075,physics,B,G,0.9,0.7904088825212272,0.9,95
10076,physics,H,J,0.8,0.8513005107086961,0.6,399
10077,physics,E,D,0.9,0.8753799093831415,0.4,274
10078,physics,F,A,1.0,0.896942432189845,0.0,76
10079,physics,B,J,0.85,0.733821381394,0.6,663
10080,physics,D,I,0.85,0.8297941816143293,0.85,164
10081,physics,H,H,0.85,0.8239005522793412,0.85,69
10082,physics,I,A,0.95,0.7816300532168478,0.95,217
10083,physics,C,D,0.5,0.8179710984814986,0.6,252
10084,physics,E,C,0.9,0.8263603693867382,0.8,275
10085,physics,D,A,0.95,0.8515399765451176,0.95,137
10086,physics,A,A,0.0,0.6839776113708201,0.4,235
10087,physics,E,D,0.99,0.8900898271736815,0.99,135
10088,physics,I,E,0.9,0.824024383490724,0.9,100
10089,physics,I,C,0.9,0.814214114617648,0.9,94
10090,physics,F,,1.0,0.8489201670176622,0.0,276
10091,physics,G,A,0.9,0.7071429946106127,0.8,257
10092,physics,I,B,0.99,0.8864799274386052,0.8,112
10093,physics,G,H,0.9,0.7885989579801178,0.4,96
10094,physics,B,B,0.85,0.7851822586566206,0.85,92
10095,physics,F,E,0.95,0.7897142886478696,0.0,104
10096,physics,C,C,0.95,0.8190473432344959,0.95,83
10097,physics,E,E,0.95,0.7610513657886296,0.95,78
10098,physics,C,J,,0.7871246916817005,,299
10099,physics,J,J,0.95,0.7530042046872744,0.95,177
10100,physics,F,C,0.25,0.871345055476294,0.2,271
10101,physics,H,C,0.9,0.8516299523302822,0.4,236
10102,physics,H,H,0.85,0.6877135793516008,0.85,163
10103,physics,B,B,0.65,0.8919557652893493,0.6,342
10104,physics,J,J,0.95,0.8411756008872802,0.95,118
10105,physics,C,H,0.4,0.7742037680324988,0.8,449
10106,physics,E,C,0.95,0.8228848442307148,0.95,66
10107,physics,A,E,0.95,0.8503316927954598,0.95,117
10108,physics,C,C,1.0,0.8350108572537821,1.0,134
10109,physics,F,C,0.97,0.8671283155862299,0.0,69
10110,physics,H,H,0.95,0.8523183139400641,0.95,89
10111,physics,B,B,0.9,0.8431250170817178,0.9,86
10112,physics,F,G,0.95,0.8322644397427451,0.95,200
10113,physics,H,F,0.9,0.8090513509184293,0.7,252
10114,physics,J,J,0.9,0.9144998590106442,1.0,131
10115,physics,F,I,0.9,0.8913238097827894,0.0,110
10116,physics,G,A,0.98,0.7554366424981748,0.98,309
10117,physics,B,B,0.95,0.8959027761644116,0.95,196
10118,physics,J,B,0.6,0.7859052161707546,0.6,124
10119,physics,H,F,0.95,0.8555458435545731,0.0,397
10120,physics,A,H,0.95,0.8189561407749588,0.95,320
10121,physics,G,G,0.95,0.9106900087822623,0.95,95
10122,physics,D,D,0.95,0.854273830221424,0.6333333333333333,107
10123,physics,H,G,0.95,0.8511668823764753,0.0,128
10124,physics,B,D,0.95,0.7859355804066055,0.4,64
10125,physics,A,F,1.0,0.7837941878841614,1.0,74
10126,physics,B,B,0.95,0.8985223019230824,0.95,209
10127,physics,J,I,1.0,0.8302430448398832,0.0,176
10128,physics,C,C,1.0,0.8300980099862139,1.0,110
10129,physics,E,E,0.95,0.8619635403714351,0.95,55
10130,physics,E,C,0.95,0.9104565491946423,0.0,50
10131,physics,C,A,0.95,0.8742791364818902,0.0,60
10132,physics,I,H,0.95,0.8016843459407417,0.95,60
10133,physics,H,H,0.95,0.8783813021547314,1.0,46
10134,physics,E,C,0.9,0.8677766619287964,0.4,87
10135,physics,G,B,0.85,0.8825817020376836,0.95,109
10136,physics,I,D,0.88,0.8176820039905528,0.4,277
10137,physics,J,D,0.9,0.8584541322287732,0.9,183
10138,physics,D,C,0.95,0.8249103939438525,0.9,189
10139,physics,G,E,0.92,0.9059443242948617,0.9,309
10140,physics,J,E,0.95,0.8434779323019067,0.0,98
10141,physics,A,J,0.95,0.8536030556781355,0.2,382
10142,physics,A,A,1.0,0.8982294742956759,1.0,325
10143,physics,G,C,0.95,0.8226028674454475,0.95,187
10144,physics,I,A,0.9,0.864254819229233,0.4,308
10145,physics,D,H,0.65,0.6607466085505729,0.0,144
10146,physics,J,B,0.95,0.9002893933774647,0.0,80
10147,physics,A,,0.9,0.8074838574275544,0.7,303
10148,physics,B,B,0.95,0.8572125515018836,1.0,80
10149,physics,G,D,0.92,0.8218388939207226,0.92,167
10150,physics,D,I,0.95,0.8760024994082342,0.95,141
10151,physics,H,A,0.9,0.7681083465616584,0.9,477
10152,physics,H,E,0.95,0.9493848667690105,0.9,389
10153,physics,E,B,0.9,0.8524452515056601,0.8,278
10154,computer science,B,B,0.95,0.75484097671355,0.95,69
10155,computer science,A,A,1.0,0.861457557292753,0.9,40
10156,computer science,A,J,0.9,0.7100539110446576,0.9,124
10157,computer science,F,B,0.95,0.7216909411262743,0.95,176
10158,computer science,C,I,1.0,0.8384257336607174,0.0,169
10159,computer science,G,C,0.95,0.8978359737586847,0.0,104
10160,computer science,A,D,1.0,0.7211047200961576,1.0,225
10161,computer science,D,F,1.0,0.8772278992257885,0.0,89
10162,computer science,D,D,0.95,0.7685137491053011,0.95,61
10163,computer science,J,C,0.9,0.7754850922012593,0.6,104
10164,computer science,A,A,0.95,0.7493731893245079,0.95,86
10165,computer science,F,B,0.95,0.6808586905165458,0.95,225
10166,computer science,H,H,0.95,0.7995133565386507,0.95,67
10167,computer science,B,E,0.9,0.8049050236174466,0.0,123
10168,computer science,B,C,0.5,0.8696948048645801,0.5,54
10169,computer science,E,H,1.0,0.895397623242163,1.0,57
10170,computer science,A,C,0.9,0.6930745797195863,0.3,106
10171,computer science,D,C,1.0,0.8303779137415161,0.9,204
10172,computer science,I,F,0.35,0.7090428924115031,0.35,276
10173,computer science,B,F,0.5,0.730033932085203,0.6,451
10174,computer science,A,A,0.95,0.8648308401841405,0.95,189
10175,computer science,A,A,0.07,0.7242768745603139,1.0,556
10176,computer science,J,J,0.95,0.6397352292585438,0.95,111
10177,computer science,A,A,0.95,0.8374567655730402,0.95,63
10178,computer science,C,C,0.95,0.7222994243197995,0.95,104
10179,computer science,B,B,0.95,0.738599247307798,0.95,77
10180,computer science,J,J,0.95,0.7358969330097733,0.95,145
10181,computer science,F,F,0.95,0.7860608783852571,0.95,96
10182,computer science,D,F,1.0,0.7320632756589872,0.0,176
10183,computer science,I,J,0.95,0.8535065426959422,0.4,97
10184,computer science,G,E,1.0,0.8879805077059962,1.0,46
10185,computer science,H,C,0.95,0.7433749045019219,0.95,156
10186,computer science,E,I,0.9,0.7283586008323142,0.9,142
10187,computer science,J,C,0.7,0.7470192281922883,0.7,104
10188,computer science,D,B,0.8,0.762487071042236,0.0,134
10189,computer science,B,B,0.9,0.7080844225837056,0.9,133
10190,computer science,A,,0.0,0.8160116507569349,0.0,338
10191,computer science,H,H,0.95,0.7946745514688701,0.95,58
10192,computer science,A,C,0.9,0.7738199181600458,0.9,84
10193,computer science,G,B,0.95,0.7347263241226504,0.95,65
10194,computer science,C,C,0.95,0.8708783935586633,0.95,52
10195,computer science,B,H,0.7,0.7192346435439162,0.7,84
10196,computer science,F,E,1.0,0.8440086915313555,0.2,67
10197,computer science,E,B,1.0,0.8969412697637534,1.0,87
10198,computer science,I,B,0.9,0.8232187067068931,0.9,102
10199,computer science,F,H,1.0,0.8208579284012157,0.0,88
10200,computer science,E,E,0.9,0.7270450037149133,0.9,102
10201,computer science,B,B,1.0,0.7331122765152295,1.0,119
10202,computer science,E,E,0.95,0.8333620705903791,0.95,55
10203,computer science,E,E,1.0,0.8944855724633299,1.0,54
10204,computer science,C,G,0.95,0.9057786493970682,0.8,76
10205,computer science,D,H,0.95,0.8648016445252398,0.0,63
10206,computer science,G,D,1.0,0.7504433705829017,0.0,139
10207,computer science,C,A,1.0,0.7962418138399667,1.0,78
10208,computer science,I,B,0.85,0.690790740198439,0.85,124
10209,computer science,C,C,0.95,0.8792418284397204,0.95,76
10210,computer science,C,A,1.0,0.8395913912569705,0.0,75
10211,computer science,G,G,0.9,0.7304879625822541,0.9,77
10212,computer science,H,D,0.95,0.8555519098886107,0.95,94
10213,computer science,J,F,1.0,0.7396173722263966,0.95,94
10214,computer science,D,A,0.85,0.7131852158511168,0.85,163
10215,computer science,J,J,0.95,0.7870651921719288,0.95,87
10216,computer science,C,E,0.95,0.7710036457620348,0.95,252
10217,computer science,D,B,0.9,0.7479463375943389,0.7,109
10218,computer science,F,,0.0,0.9258036180821113,0.0,240
10219,computer science,D,B,0.95,0.7612800781550376,0.95,331
10220,computer science,I,I,0.8,0.8232355029489127,0.8,64
10221,computer science,E,B,0.85,0.7764783847455987,0.0,108
10222,computer science,A,B,0.9,0.8052791299458558,0.95,87
10223,computer science,J,F,0.75,0.672921669686455,0.6,122
10224,computer science,H,H,0.95,0.7735274715980781,0.95,107
10225,computer science,J,E,0.3,0.8061852430672638,0.3,280
10226,computer science,I,J,1.0,0.8057884285333089,0.0,219
10227,computer science,I,I,1.0,0.9190111318852359,1.0,67
10228,computer science,D,I,0.0,0.7798873596081908,0.0,169
10229,computer science,D,E,1.0,0.9336783083723672,0.0,270
10230,computer science,A,A,0.95,0.7997211691610198,0.6,106
10231,computer science,F,,1.0,0.8680736848860612,1.0,231
10232,computer science,F,B,1.0,0.8798468088367837,0.0,68
10233,computer science,A,A,1.0,0.8968095414936723,0.8,389
10234,computer science,A,A,0.9,0.6147383684366249,0.9,142
10235,computer science,F,D,0.9,0.6930110846892524,0.4,119
10236,computer science,B,A,1.0,0.8549692477921801,0.25,55
10237,computer science,C,C,0.8,0.7285482883470134,0.8,169
10238,computer science,F,F,1.0,0.8513096607010397,1.0,43
10239,computer science,H,G,0.95,0.734404508298566,0.0,90
10240,computer science,D,B,0.95,0.7291370453710112,0.0,151
10241,computer science,B,B,0.95,0.743836608904079,0.95,107
10242,computer science,H,H,0.97,0.7766473257522437,0.97,70
10243,computer science,J,A,0.8,0.7472388501665337,0.4,144
10244,computer science,D,D,0.95,0.7435512726504502,0.95,124
10245,computer science,G,F,0.95,0.8372167483076562,0.8,120
10246,computer science,D,G,0.9,0.8039915587919114,0.8,111
10247,computer science,H,H,0.95,0.8285583048849453,0.95,90
10248,computer science,G,F,0.95,0.7241835931879027,0.95,255
10249,computer science,A,F,0.95,0.7331625277258218,0.95,232
10250,computer science,H,H,1.0,0.8205012675658677,1.0,83
10251,computer science,G,F,1.0,0.7719121700448465,0.9,165
10252,computer science,A,D,0.95,0.683839188580931,0.95,237
10253,computer science,D,A,0.95,0.7518431388301838,0.95,78
10254,computer science,A,A,0.95,0.7770433060617591,0.95,73
10255,computer science,C,C,0.95,0.6899005097073353,0.95,128
10256,computer science,D,C,0.8,0.7235395381247812,0.8,67
10257,computer science,I,I,0.5,0.6747272464936105,0.4,128
10258,computer science,H,H,0.95,0.8234051480257267,0.95,168
10259,computer science,H,D,0.9,0.9001784316174957,0.0,454
10260,computer science,E,E,0.99,0.7680491109990631,1.0,88
10261,computer science,H,A,0.7,0.7232303493329295,0.7,189
10262,computer science,G,G,0.95,0.7053347410996413,0.95,106
10263,computer science,D,D,0.95,0.6789445944174111,0.95,153
10264,computer science,G,G,0.95,0.7809319754693721,0.95,144
10265,computer science,F,F,1.0,0.7539519768602505,0.8,96
10266,computer science,G,F,1.0,0.7794386380962405,0.0,340
10267,computer science,J,J,0.95,0.7820553781597693,0.95,108
10268,computer science,I,B,0.9,0.8120981503987983,0.7,77
10269,computer science,I,B,0.9,0.6968324608267544,0.0,235
10270,computer science,C,H,0.95,0.8370094321632947,0.4,80
10271,computer science,D,I,0.95,0.713693019259042,0.95,149
10272,computer science,B,B,1.0,0.8995831057583922,0.9,89
10273,computer science,G,J,1.0,0.8132651786353586,0.0,48
10274,computer science,D,C,0.92,0.6370540507270922,0.6,199
10275,computer science,G,F,0.95,0.7206635990461329,0.95,68
10276,computer science,I,E,0.9,0.7575085014291819,0.2,135
10277,computer science,D,A,0.95,0.7911275758496294,0.9,50
10278,computer science,B,C,0.95,0.8086908228550168,0.95,581
10279,computer science,G,F,0.95,0.6732624300621257,0.95,139
10280,computer science,I,F,0.85,0.7584656387348232,0.85,98
10281,computer science,E,A,0.95,0.9030233104728066,0.0,72
10282,computer science,A,E,0.8,0.7355571309141297,0.8,147
10283,computer science,D,D,0.9,0.8534644092936626,0.9,103
10284,computer science,A,A,0.95,0.7274973751221931,0.95,249
10285,computer science,F,A,0.9,0.7293695004626316,0.8,110
10286,computer science,B,C,0.85,0.7968312204799025,0.0,104
10287,computer science,F,G,0.9,0.8229111372307487,0.9,81
10288,computer science,D,G,0.95,0.7592991820829303,0.95,174
10289,computer science,D,B,0.9,0.7844387544887631,0.0,186
10290,computer science,A,H,0.9,0.6519161028070184,0.1,143
10291,computer science,G,H,0.95,0.7649418037514879,0.95,66
10292,computer science,C,,1.0,0.7763027908771564,0.0,142
10293,computer science,J,I,0.9,0.7435491354045136,1.0,136
10294,computer science,J,J,1.0,0.8907989685994805,0.4,103
10295,computer science,C,B,1.0,0.8994286491330934,0.8,193
10296,computer science,C,D,1.0,0.8870558289917314,0.95,174
10297,computer science,B,B,0.95,0.8587184410756814,1.0,123
10298,computer science,G,G,1.0,0.7508886659718792,0.9,231
10299,computer science,F,F,0.95,0.6301311289414152,0.95,113
10300,computer science,F,B,0.8,0.7627922847428388,0.0,71
10301,computer science,J,C,0.95,0.7348194103655331,0.95,109
10302,computer science,H,H,0.95,0.82827563371031,0.95,94
10303,computer science,C,B,1.0,0.8306630977682639,0.0,86
10304,computer science,A,A,1.0,0.8346170183793669,1.0,59
10305,computer science,I,A,0.95,0.8683832940305137,0.0,139
10306,computer science,D,D,1.0,0.6497324139239222,0.0,264
10307,computer science,B,A,0.95,0.8345465212582575,0.95,54
10308,computer science,E,E,0.95,0.8139685846686271,0.95,56
10309,computer science,E,G,0.95,0.852354173062005,0.0,53
10310,computer science,G,G,0.95,0.7769438457115515,0.95,113
10311,computer science,E,D,0.75,0.9110009194853966,0.6,208
10312,computer science,C,D,0.95,0.7439150654943738,1.0,61
10313,computer science,B,,0.95,0.7542229948027749,0.95,140
10314,computer science,D,D,0.95,0.7570536385720809,0.95,211
10315,computer science,C,C,0.8,0.71789862930056,0.0,169
10316,computer science,F,C,0.95,0.78597871730224,0.4,150
10317,computer science,G,B,1.0,0.846293339622324,0.0,53
10318,computer science,D,H,0.95,0.7553698808999448,0.2,53
10319,computer science,F,J,0.8,0.7488359663129168,0.8,130
10320,computer science,J,J,0.95,0.7963095933180656,0.95,76
10321,computer science,I,C,0.95,0.9258416935458891,0.95,54
10322,computer science,H,C,0.0,0.7208062923420264,0.9,202
10323,computer science,C,F,0.9,0.6900189171772501,0.0,293
10324,computer science,C,C,0.85,0.8615243411330881,0.85,67
10325,computer science,C,C,1.0,0.7825556919022868,0.9,61
10326,computer science,B,I,0.95,0.8306809547755347,0.95,59
10327,computer science,B,C,1.0,0.7580620254738416,0.95,74
10328,computer science,E,B,1.0,0.8781387393974452,0.95,161
10329,computer science,I,A,0.95,0.6818897559563482,0.9,101
10330,computer science,H,B,0.95,0.7781863497401229,0.0,70
10331,computer science,D,D,1.0,0.8212109903575386,0.8,132
10332,computer science,J,D,1.0,0.8279021485587048,0.9,176
10333,computer science,E,F,1.0,0.8432739855607324,1.0,230
10334,computer science,D,E,0.9,0.7809020831186394,0.0,277
10335,computer science,A,E,0.9,0.7775912911864356,0.0,194
10336,computer science,I,I,0.9,0.7389337043130038,0.9,56
10337,computer science,C,C,1.0,0.7998269702080346,1.0,73
10338,computer science,I,B,0.9,0.7475885126806247,0.9,59
10339,computer science,D,B,1.0,0.902633078136685,0.9,204
10340,computer science,E,E,0.9,0.7649128260223566,0.9,76
10341,computer science,B,B,0.98,0.7766076510402269,0.95,84
10342,computer science,C,C,1.0,0.7872215591946736,1.0,66
10343,computer science,J,F,1.0,0.8390003019564911,0.0,110
10344,computer science,C,C,0.95,0.7468741763530095,0.9,67
10345,computer science,A,G,0.9,0.7900043369223866,0.0,166
10346,computer science,D,A,1.0,0.7909773969186517,1.0,314
10347,computer science,J,G,1.0,0.7867997261431434,0.9,77
10348,computer science,D,C,0.95,0.7270278303198832,0.95,131
10349,computer science,A,C,0.9,0.776319899855569,0.95,129
10350,computer science,C,D,0.9,0.8085621133220453,0.9,75
10351,computer science,J,J,0.95,0.7579650301646331,0.95,100
10352,computer science,F,B,0.65,0.7136821040876187,0.65,96
10353,computer science,D,C,0.9,0.8474876408062866,0.9,56
10354,computer science,F,H,1.0,0.7569435724101449,0.7,94
10355,computer science,F,F,0.8,0.8699081516100406,0.9,415
10356,computer science,B,D,1.0,0.8067203004443342,0.0,63
10357,computer science,D,C,0.95,0.7528314609282722,0.95,190
10358,computer science,D,D,1.0,0.7694158713329704,1.0,71
10359,computer science,A,G,0.9,0.6700445743423884,0.8,116
10360,computer science,D,D,0.9,0.8666554545022093,0.7,62
10361,computer science,B,J,0.95,0.7618420833504904,0.95,177
10362,computer science,D,J,0.95,0.7552429188308275,0.05,225
10363,computer science,B,D,0.9,0.7855634565427148,0.9,84
10364,computer science,G,A,0.95,0.7858379987218959,0.0,145
10365,computer science,H,J,0.95,0.8214637729136562,1.0,283
10366,computer science,F,D,0.95,0.7809280784928252,0.0,70
10367,computer science,E,I,0.95,0.71458943412675,1.0,142
10368,computer science,D,,1.0,0.8372835190588788,0.0,154
10369,computer science,C,A,0.8,0.8450996754051568,0.0,166
10370,computer science,B,B,1.0,0.8240621216173364,1.0,260
10371,computer science,H,H,0.95,0.7780381356077747,0.95,101
10372,computer science,I,I,0.95,0.7934314050355151,0.95,68
10373,computer science,E,I,0.95,0.6340556750632462,0.95,309
10374,computer science,D,D,1.0,0.8163019408324949,1.0,43
10375,computer science,H,A,1.0,0.8002961858463312,0.9,93
10376,computer science,A,A,0.9,0.7412141041918517,0.9,103
10377,computer science,H,F,0.85,0.7644194726593995,0.85,44
10378,computer science,E,D,1.0,0.7525694280980202,0.9,104
10379,computer science,D,B,0.9,0.7421649020058146,0.8,59
10380,computer science,C,C,0.9,0.7958245260893941,0.9,46
10381,computer science,D,I,1.0,0.8696844969405864,0.0,71
10382,computer science,D,B,1.0,0.8663056251470687,0.8,112
10383,computer science,A,D,0.95,0.7124216641373667,0.0,171
10384,computer science,J,J,0.9,0.8183127055217772,0.9,228
10385,computer science,A,E,1.0,0.8694426720568529,0.0,174
10386,computer science,J,D,0.9,0.6416705373110075,0.9,258
10387,computer science,B,F,0.95,0.7645854767777504,0.7,186
10388,computer science,E,D,1.0,0.7932609211346419,1.0,75
10389,computer science,C,C,0.95,0.8036199879254955,0.95,78
10390,computer science,I,,0.9,0.8674182427691589,0.4,198
10391,computer science,F,C,0.95,0.7682145939039304,0.95,108
10392,computer science,A,E,0.8,0.7394080852314335,0.5,73
10393,computer science,H,I,0.75,0.7046971900849022,0.75,91
10394,computer science,C,D,0.9,0.7566821171850837,0.9,118
10395,computer science,A,A,1.0,0.8664412741742084,1.0,73
10396,computer science,F,B,0.95,0.840438054658087,0.95,55
10397,computer science,B,B,0.95,0.8256533071267359,0.7,53
10398,computer science,H,B,0.95,0.7881558305012427,0.0,104
10399,computer science,B,G,0.95,0.868622222571359,0.95,99
10400,computer science,D,H,0.95,0.7352489126006959,0.9,115
10401,computer science,C,B,1.0,0.6850934757877873,0.9,191
10402,computer science,C,B,0.9,0.8325015313894849,1.0,95
10403,computer science,B,F,1.0,0.683622749166339,0.0,169
10404,computer science,D,C,1.0,0.7673547267658233,0.8500000000000001,398
10405,computer science,H,H,1.0,0.7774331212748707,0.9,110
10406,computer science,B,B,0.99,0.7355074264350911,0.8,112
10407,computer science,D,B,1.0,0.7424680782914848,1.0,74
10408,computer science,C,H,0.2,0.8952471572859331,0.0,247
10409,computer science,D,D,0.8,0.728539140553601,0.8,89
10410,computer science,D,D,0.95,0.7951765374281982,0.95,70
10411,computer science,F,F,1.0,0.9025873856059087,1.0,39
10412,computer science,C,C,0.85,0.7968768939736296,0.85,46
10413,computer science,F,G,0.95,0.9123332647960553,0.0,297
10414,computer science,G,D,0.9,0.7596762677506704,0.0,122
10415,computer science,G,H,1.0,0.8215707743272537,0.0,223
10416,computer science,A,A,1.0,0.7945252334369486,1.0,691
10417,computer science,G,G,0.95,0.7086254238193138,0.95,321
10418,computer science,H,E,1.0,0.9142009911270321,0.8,74
10419,computer science,C,C,0.95,0.7898675796733557,0.95,72
10420,computer science,F,F,1.0,0.7979018117365898,0.9,81
10421,computer science,F,F,0.95,0.7572987786488373,0.95,208
10422,computer science,B,C,0.85,0.7857655135045924,0.85,104
10423,computer science,D,D,0.95,0.7662237945365122,0.95,112
10424,computer science,F,G,0.9,0.7362428147947345,0.9,109
10425,computer science,I,C,0.9,0.7868915898378391,0.9,116
10426,computer science,D,D,0.9,0.7883662132315884,0.7,113
10427,computer science,A,A,0.95,0.7493888559838108,0.95,128
10428,computer science,C,C,0.95,0.6951185446670832,0.95,90
10429,computer science,C,C,0.95,0.696951868503798,0.95,135
10430,computer science,A,A,0.9,0.7256485064104562,0.9,219
10431,computer science,J,E,0.9,0.7611200182095145,0.9,83
10432,computer science,F,J,0.9,0.7076676659844011,0.6,368
10433,computer science,I,I,0.95,0.8537155898425541,0.95,127
10434,computer science,B,B,1.0,0.9175575584381638,1.0,99
10435,computer science,F,F,1.0,0.8314668080309211,1.0,107
10436,computer science,H,H,1.0,0.7995985361571551,0.4,132
10437,computer science,F,E,0.9,0.910459922863414,0.0,177
10438,computer science,F,F,1.0,0.880456566744143,1.0,205
10439,computer science,F,F,0.9,0.7687678651922845,0.9,73
10440,computer science,J,J,0.9,0.7220371224399202,0.4,69
10441,computer science,F,E,0.6,0.7210293737275226,0.8,128
10442,computer science,D,D,1.0,0.8974416179984982,1.0,60
10443,computer science,H,I,0.95,0.9023565766743661,0.0,176
10444,computer science,C,C,1.0,0.7319356065781061,0.0,108
10445,computer science,C,C,1.0,0.9491078200692457,1.0,142
10446,computer science,C,F,1.0,0.7660238012568763,0.8,92
10447,computer science,I,I,0.9,0.839890556116518,0.9,100
10448,computer science,F,I,0.95,0.7751238972046006,0.0,136
10449,computer science,E,C,0.95,0.7665452195040063,0.95,204
10450,computer science,C,E,0.9,0.8563265708132072,0.4,247
10451,computer science,F,J,0.9,0.7744860882952777,0.9,153
10452,computer science,G,H,0.85,0.8235734918253477,0.85,105
10453,computer science,E,D,0.9,0.717384487230377,0.7,174
10454,computer science,F,B,1.0,0.8715299088850119,0.0,129
10455,computer science,F,B,0.8,0.7499900195048638,0.8,99
10456,computer science,H,E,0.85,0.7401401762185983,0.85,130
10457,computer science,D,F,0.9,0.8203858314271488,0.9,158
10458,computer science,D,B,0.7,0.7619407993916341,0.8,130
10459,computer science,A,D,0.0,0.7754637704639861,0.6,143
10460,computer science,B,B,1.0,0.8805394405727437,1.0,149
10461,computer science,H,E,1.0,0.7015934121670754,0.0,96
10462,computer science,A,A,0.95,0.7216918318261072,0.95,103
10463,computer science,A,B,0.9,0.8024329450723926,0.8,269
10464,computer science,G,D,1.0,0.8668927313012106,1.0,201
10465,computer science,D,H,0.95,0.8003423537446672,0.4,82
10466,computer science,H,J,0.9,0.6665565879023377,0.9,546
10467,computer science,H,H,0.95,0.7849962642817514,0.95,65
10468,computer science,G,A,0.8,0.8135566664731843,0.9,66
10469,computer science,F,B,1.0,0.8360769814373427,0.9,123
10470,computer science,J,J,0.95,0.7545119657854087,0.95,90
10471,computer science,I,I,0.95,0.7327146739882706,0.95,121
10472,computer science,I,G,0.95,0.7738199319486184,0.95,120
10473,computer science,D,A,1.0,0.6573831384680359,,1117
10474,computer science,C,F,1.0,0.8069670953918707,0.4,165
10475,computer science,J,D,0.95,0.7894245052421498,0.0,114
10476,computer science,I,E,0.95,0.7626270317017751,0.95,94
10477,computer science,D,D,0.9,0.7778926741976391,0.9,210
10478,computer science,E,C,0.8,0.7533847224918385,0.8,109
10479,computer science,H,G,1.0,0.8720386262550993,0.0,130
10480,computer science,G,G,0.9,0.7995784294755323,0.9,103
10481,computer science,I,C,0.95,0.7058634381163849,0.95,80
10482,computer science,H,E,0.95,0.7741621562497354,0.95,83
10483,computer science,H,A,0.85,0.7859803364120795,0.0,62
10484,computer science,I,I,0.9,0.7224997138967919,0.9,150
10485,computer science,G,F,0.95,0.7599514946995535,0.95,56
10486,computer science,F,C,0.95,0.6783145621350769,0.2,116
10487,computer science,D,D,1.0,0.8477741229809402,1.0,289
10488,computer science,D,H,0.85,0.7646082192541732,0.0,138
10489,computer science,E,G,0.95,0.8597650128391381,0.95,150
10490,computer science,C,,0.95,0.8246614734461588,0.0,210
10491,computer science,H,I,1.0,0.872473236678914,0.9,90
10492,computer science,I,B,0.9,0.8187981297837463,0.9,268
10493,computer science,E,E,1.0,0.8157212184740289,1.0,101
10494,computer science,D,B,0.95,0.8578288724022473,0.95,166
10495,computer science,F,D,1.0,0.8798113201880222,0.0,289
10496,computer science,E,A,1.0,0.7523989021274423,0.9,84
10497,computer science,D,J,0.95,0.7582739014452687,0.95,155
10498,computer science,C,C,0.95,0.7973237838303263,0.95,112
10499,computer science,J,J,0.0,0.9332298369906354,0.952,364
10500,computer science,J,D,1.0,0.8521006320765774,1.0,56
10501,computer science,E,B,1.0,0.7648053004681356,0.0,121
10502,computer science,E,F,1.0,0.8114139893319962,0.9,73
10503,computer science,J,J,0.95,0.8419610303781303,0.9,68
10504,computer science,G,G,1.0,0.8463922603289812,1.0,71
10505,computer science,A,C,1.0,0.7626010249851491,1.0,426
10506,computer science,F,E,0.95,0.7963175210764438,0.8,72
10507,computer science,E,E,1.0,0.8410674068677289,1.0,95
10508,computer science,B,B,0.95,0.8537477997956856,0.95,56
10509,computer science,H,H,1.0,0.9264286433396655,1.0,113
10510,computer science,J,J,1.0,0.8823726401709296,1.0,87
10511,computer science,A,A,0.9,0.6931379874775861,0.9,155
10512,computer science,H,D,1.0,0.8350147135831872,0.8,65
10513,computer science,F,I,0.9,0.7768791821941737,0.9,97
10514,computer science,E,E,0.95,0.8470353047049514,0.95,237
10515,computer science,A,A,1.0,0.9238809063461154,1.0,192
10516,computer science,I,A,1.0,0.8579612100313572,0.9,88
10517,computer science,F,A,0.9,0.8129237497868026,0.0,59
10518,computer science,C,J,0.9,0.6880992859195073,0.9,153
10519,computer science,B,C,1.0,0.8304416259514882,0.7,181
10520,computer science,D,B,0.9,0.7553445040071041,0.4,71
10521,computer science,E,E,0.95,0.7984225247078245,0.95,154
10522,computer science,B,B,0.9,0.7987059253914597,0.9,174
10523,computer science,F,D,1.0,0.757435061774674,0.8,142
10524,computer science,I,D,0.95,0.858207511203691,0.0,104
10525,computer science,J,E,0.95,0.6865625094195247,0.95,150
10526,computer science,H,H,0.9,0.7689047724612693,0.7,108
10527,computer science,C,B,0.95,0.7638423425979687,0.4,120
10528,computer science,A,A,0.95,0.7328799030909313,0.95,166
10529,computer science,F,A,0.99,0.8687521026237415,0.0,143
10530,computer science,E,F,0.97,0.8596346084812831,1.0,65
10531,computer science,F,F,1.0,0.837926070712494,1.0,82
10532,computer science,E,D,0.9,0.7884680277042841,0.0,210
10533,computer science,H,J,1.0,0.8737418922812737,0.8,155
10534,computer science,D,D,1.0,0.886787749885355,0.8,70
10535,computer science,C,C,0.9,0.7113988515493583,0.9,89
10536,computer science,D,D,0.95,0.8572891299948704,0.95,55
10537,computer science,I,C,1.0,0.7404137294012767,0.4,222
10538,computer science,F,D,1.0,0.7921179758225501,0.0,85
10539,computer science,B,H,0.95,0.8251019386007888,0.0,70
10540,computer science,A,D,0.95,0.7808912420036442,0.95,66
10541,computer science,I,A,1.0,0.8706632117539037,0.0,61
10542,computer science,G,D,0.0,0.7478014231349713,1.0,242
10543,computer science,A,A,0.85,0.7489510723644164,0.85,114
10544,computer science,D,G,0.85,0.716046872369339,0.9,119
10545,computer science,E,E,0.9,0.7816292646629924,0.9,100
10546,computer science,D,B,0.95,0.8029815726757104,0.95,180
10547,computer science,I,I,1.0,0.875998642942325,1.0,177
10548,computer science,J,J,0.99,0.8469057808894336,0.95,105
10549,computer science,D,D,0.95,0.8464537065501961,0.95,51
10550,computer science,D,D,0.95,0.7314746749082626,0.95,175
10551,computer science,C,C,0.85,0.8270326387132874,0.85,101
10552,computer science,I,I,0.95,0.7571453244251154,0.95,86
10553,computer science,G,D,0.9,0.7280860757426288,0.8,129
10554,computer science,E,H,0.95,0.680858467241599,0.0,112
10555,computer science,A,A,1.0,0.8868299127771778,1.0,82
10556,computer science,J,C,1.0,0.8170792101064289,0.8,86
10557,computer science,H,D,1.0,0.9387548019397578,0.8,121
10558,computer science,D,G,0.95,0.6960417875947087,0.95,195
10559,computer science,J,B,0.9,0.9342226343575436,0.9,642
10560,computer science,F,F,0.95,0.8243682472598995,0.0,91
10561,computer science,C,B,0.92,0.8634658685190847,0.4,151
10562,computer science,I,I,0.95,0.7443174168651302,0.9,143
10563,computer science,J,J,1.0,0.6868549490301825,0.0,114
10564,philosophy,A,A,1.0,0.8228036719472248,1.0,72
10565,philosophy,D,E,1.0,0.8333984021724897,0.9,265
10566,philosophy,I,J,1.0,0.8561563057622371,0.4,96
10567,philosophy,A,A,1.0,0.8503736947372863,1.0,67
10568,philosophy,E,E,1.0,0.804506430308205,1.0,106
10569,philosophy,I,I,1.0,0.799141059971186,1.0,81
10570,philosophy,D,B,0.9,0.860528164740604,0.9,304
10571,philosophy,J,H,0.85,0.8354497315455834,0.0,79
10572,philosophy,D,C,0.95,0.7439079303617322,0.95,84
10573,philosophy,H,D,0.95,0.8114451476638006,0.95,71
10574,philosophy,D,J,0.95,0.839335607122904,0.0,61
10575,philosophy,G,E,0.9,0.8135252407829728,0.9,86
10576,philosophy,B,F,0.9,0.7568346319760152,0.6,63
10577,philosophy,D,B,0.95,0.8131369349766793,0.95,82
10578,philosophy,E,G,0.95,0.8084770896191598,0.9,87
10579,philosophy,D,E,0.95,0.7013408635979342,0.95,102
10580,philosophy,I,E,0.9,0.746801138709161,0.9,107
10581,philosophy,A,E,0.85,0.7383311370815852,0.85,102
10582,philosophy,D,D,0.95,0.7926835257619002,0.95,120
10583,philosophy,C,C,0.9,0.8154285087929986,0.9,57
10584,philosophy,G,G,0.95,0.7703118597604162,0.95,121
10585,philosophy,G,C,0.95,0.8283740156485343,0.0,87
10586,philosophy,D,D,0.95,0.7741420827411317,0.95,101
10587,philosophy,D,D,0.95,0.7757830395552527,0.95,70
10588,philosophy,A,,0.2,0.7579480902502742,0.0,265
10589,philosophy,H,F,,0.839326608138955,,82
10590,philosophy,E,E,0.95,0.7940560189383883,0.95,65
10591,philosophy,D,G,0.95,0.868411522225362,0.95,56
10592,philosophy,C,A,1.0,0.7982805726218829,0.5,72
10593,philosophy,B,B,0.95,0.877303522446811,0.95,46
10594,philosophy,A,A,1.0,0.8166626635593691,1.0,67
10595,philosophy,C,C,0.95,0.776850711537377,0.95,82
10596,philosophy,C,B,0.0,0.6518667021397915,0.75,437
10597,philosophy,I,E,0.9,0.7687403548949184,0.9,47
10598,philosophy,A,H,0.9,0.7276393544304756,0.9,81
10599,philosophy,B,C,0.7,0.7122009976449941,0.7,122
10600,philosophy,I,G,0.95,0.7131770998466859,0.7,93
10601,philosophy,G,C,0.95,0.8842102830941035,0.7,204
10602,philosophy,A,F,1.0,0.8323363451949476,1.0,73
10603,philosophy,E,A,0.9,0.8363421547064263,0.0,148
10604,philosophy,B,B,1.0,0.894205575570144,0.0,118
10605,philosophy,H,G,1.0,0.8821321953122061,1.0,221
10606,philosophy,J,J,0.9,0.8258699618723039,0.9,101
10607,philosophy,J,A,1.0,0.8686562758405512,1.0,457
10608,philosophy,G,G,0.95,0.7989076660140323,0.95,64
10609,philosophy,H,B,0.9,0.7889033691005657,0.9,83
10610,philosophy,I,H,0.95,0.8019044438149985,0.4,57
10611,philosophy,A,A,1.0,0.7534084537869037,0.8,104
10612,philosophy,F,H,0.75,0.7065468847385102,0.7,72
10613,philosophy,A,A,0.95,0.8374088982622961,0.95,58
10614,philosophy,B,E,0.85,0.7447643604450246,0.85,93
10615,philosophy,G,G,0.95,0.7610519756489534,0.95,68
10616,philosophy,H,D,0.95,0.8069206161346567,0.6,63
10617,philosophy,G,G,0.9,0.8154412855650814,0.9,94
10618,philosophy,C,C,0.85,0.7509812353113146,0.85,62
10619,philosophy,I,J,0.9,0.757913076245887,0.9,78
10620,philosophy,H,A,0.0,0.7558014322567538,0.0,70
10621,philosophy,F,F,0.9,0.8314064432262475,1.0,69
10622,philosophy,F,F,1.0,0.8823729824012607,1.0,44
10623,philosophy,F,F,0.85,0.8554623203492364,0.85,42
10624,philosophy,F,J,0.95,0.8245250603063863,0.0,39
10625,philosophy,C,G,0.85,0.8075213128704318,0.6,79
10626,philosophy,E,E,0.95,0.7220471417395429,0.95,121
10627,philosophy,H,H,0.95,0.8301599780342391,0.95,65
10628,philosophy,B,D,0.95,0.7617946648090289,0.8,75
10629,philosophy,A,A,0.9,0.784788901929518,0.9,58
10630,philosophy,I,C,0.7,0.6797258668248572,0.7,236
10631,philosophy,J,H,0.95,0.7304558167262182,0.95,151
10632,philosophy,C,C,0.9,0.7590622343962891,0.9,153
10633,philosophy,F,B,0.85,0.7776509089516055,0.85,54
10634,philosophy,G,G,0.95,0.7927371469794905,0.95,53
10635,philosophy,G,A,0.9,0.6282162537471194,0.9,302
10636,philosophy,F,H,0.75,0.6327203390426361,0.8,567
10637,philosophy,J,A,0.9,0.7404983994494994,0.9,97
10638,philosophy,F,C,0.9,0.8015496229014316,0.9,85
10639,philosophy,B,I,0.95,0.8153721082080156,0.95,80
10640,philosophy,A,G,0.9,0.7108815951989075,0.9,112
10641,philosophy,B,I,0.9,0.8110729053806727,0.7,66
10642,philosophy,A,A,0.85,0.7433522870026168,0.85,42
10643,philosophy,H,B,1.0,0.955177788088721,0.5,251
10644,philosophy,H,E,0.95,0.8660660194983059,0.95,153
10645,philosophy,A,B,1.0,0.823360029275447,0.9,130
10646,philosophy,F,F,1.0,0.9125055561363704,0.0,65
10647,philosophy,C,B,0.95,0.8352490777076108,0.95,88
10648,philosophy,H,H,1.0,0.8909316564339647,0.9,99
10649,philosophy,B,I,1.0,0.9095804729473033,0.8,85
10650,philosophy,G,A,0.95,0.8733641771374083,0.95,141
10651,philosophy,D,B,0.85,0.6852516095914261,0.8,155
10652,philosophy,D,D,0.95,0.7930460309175792,0.9,108
10653,philosophy,I,I,0.9,0.8222460307323104,0.9,48
10654,philosophy,B,B,0.9,0.774380454599504,0.9,53
10655,philosophy,I,E,0.9,0.7495206958404166,0.4,85
10656,philosophy,B,E,0.95,0.8069129985372308,0.0,100
10657,philosophy,E,E,0.95,0.7826303916815033,0.95,62
10658,philosophy,C,F,0.8,0.7808109404816519,0.8,62
10659,philosophy,D,J,0.85,0.7246924552005467,0.85,96
10660,philosophy,A,A,0.95,0.8229458761124785,0.95,98
10661,philosophy,A,B,0.9,0.7100400273915634,0.9,69
10662,philosophy,I,D,0.9,0.738222908421051,0.9,96
10663,philosophy,H,H,0.9,0.732749101759561,0.9,97
10664,philosophy,E,E,0.95,0.8404473406908914,0.95,65
10665,philosophy,C,C,1.0,0.809081285621377,0.9,69
10666,philosophy,D,C,0.9,0.7675790480451956,0.9,69
10667,philosophy,H,H,0.9,0.8295315907700297,0.9,237
10668,philosophy,I,C,0.95,0.8021667799561539,0.95,90
10669,philosophy,G,G,0.9,0.7662642380693547,0.9,108
10670,philosophy,B,H,0.9,0.7934506239110455,0.0,96
10671,philosophy,A,G,0.9,0.8346715684986915,0.9,76
10672,philosophy,A,A,0.8,0.6767690439258772,0.8,123
10673,philosophy,F,F,0.8,0.7696090879609874,0.8,73
10674,philosophy,C,C,0.8,0.6596110431115055,0.8,67
10675,philosophy,G,G,0.95,0.8570453763508339,0.95,92
10676,philosophy,I,E,0.9,0.7748178910993956,0.9,107
10677,philosophy,E,A,0.95,0.809414423859984,0.95,64
10678,philosophy,F,D,0.9,0.5521925068031521,0.0,94
10679,philosophy,J,C,0.9,0.7012216956126792,0.4,98
10680,philosophy,E,J,0.95,0.7484470672570277,0.0,62
10681,philosophy,B,B,0.9,0.7773077795840754,0.7,59
10682,philosophy,H,G,0.95,0.7421919779976236,0.8,81
10683,philosophy,G,G,0.85,0.7434023319029112,0.85,67
10684,philosophy,I,G,0.95,0.7751868394465328,0.95,179
10685,philosophy,D,D,0.95,0.8288575378102028,0.95,59
10686,philosophy,J,J,0.9,0.8324108081609357,0.9,109
10687,philosophy,G,A,1.0,0.8820980701089282,0.8,163
10688,philosophy,I,C,1.0,0.8228143383225553,1.0,96
10689,philosophy,A,J,0.95,0.8526956492719047,0.8,66
10690,philosophy,B,B,1.0,0.7838627876932793,0.8,88
10691,philosophy,I,G,0.95,0.8132182689426424,0.95,69
10692,philosophy,A,A,0.9,0.8066329254120348,0.9,104
10693,philosophy,J,F,0.9,0.7644510116169061,0.7,109
10694,philosophy,D,F,0.85,0.7058820853341745,0.85,70
10695,philosophy,B,G,0.85,0.7137233115695634,0.85,60
10696,philosophy,J,B,0.8,0.7531398763976045,0.8,77
10697,philosophy,D,D,0.85,0.7566815353576269,0.85,63
10698,philosophy,A,I,0.35,0.7248957743634755,0.0,96
10699,philosophy,I,J,0.95,0.6919370515234105,0.95,137
10700,philosophy,B,H,0.85,0.6527538531347389,0.85,221
10701,philosophy,H,H,0.9,0.7705802794157837,0.9,98
10702,philosophy,D,B,0.8,0.6938212045639326,0.8,144
10703,philosophy,B,B,0.9,0.784926835315747,0.9,99
10704,philosophy,A,D,1.0,0.9240457349508923,1.0,249
10705,philosophy,I,I,0.95,0.80452379998878,0.95,55
10706,philosophy,G,E,0.95,0.8175880872240435,0.95,51
10707,philosophy,F,F,0.95,0.8079958523563905,0.95,69
10708,philosophy,H,D,0.95,0.848466067996146,0.9,69
10709,philosophy,I,A,0.9,0.7639599017866152,0.9,132
10710,philosophy,I,D,0.95,0.7713318601118937,0.7,90
10711,philosophy,C,D,0.95,0.8232336016971888,0.8,63
10712,philosophy,F,F,0.85,0.7004197680976817,0.85,125
10713,philosophy,G,A,0.95,0.7702688399361478,0.0,81
10714,philosophy,I,I,0.9,0.7414456231486595,0.9,155
10715,philosophy,A,H,0.95,0.800960860521035,0.95,110
10716,philosophy,D,D,0.9,0.7527078794149341,0.7,51
10717,philosophy,D,B,0.95,0.7850193360201484,0.95,139
10718,philosophy,A,C,0.9,0.8174183159606525,0.9,58
10719,philosophy,A,A,0.8,0.690894464736571,0.8,131
10720,philosophy,C,C,0.9,0.6576432863583713,0.9,242
10721,philosophy,D,B,0.95,0.8193744683281083,0.95,64
10722,philosophy,D,D,0.85,0.720801928365302,0.85,73
10723,philosophy,F,I,0.85,0.7271086364146532,0.85,104
10724,philosophy,B,B,0.9,0.7444572255468352,0.9,73
10725,philosophy,B,C,0.9,0.7380555214610708,0.8,98
10726,philosophy,G,G,0.9,0.7505236910090305,0.9,54
10727,philosophy,G,F,0.7,0.7822010593802528,0.7,62
10728,philosophy,C,C,0.85,0.8020927741028144,0.85,64
10729,philosophy,F,G,0.75,0.7348337944473717,0.4,87
10730,philosophy,D,H,0.85,0.7264415682506357,0.85,74
10731,philosophy,A,I,1.0,0.8298474115080091,1.0,107
10732,philosophy,B,D,1.0,0.8329981271511834,1.0,93
10733,philosophy,E,,1.0,0.8687331254923003,1.0,74
10734,philosophy,C,C,0.95,0.9068081725226383,0.95,58
10735,philosophy,H,F,1.0,0.895278102538152,1.0,69
10736,philosophy,I,A,0.9,0.8463594367004165,0.0,103
10737,philosophy,G,A,0.9,0.917631647536387,0.0,50
10738,philosophy,A,D,1.0,0.8419445328589518,0.0,59
10739,philosophy,G,A,1.0,0.8974515533693419,0.8,275
10740,philosophy,B,D,1.0,0.9471833642703412,1.0,598
10741,philosophy,A,E,0.9,0.8003237460606886,0.4,70
10742,philosophy,D,B,1.0,0.9022918344572867,0.8,368
10743,philosophy,B,F,0.75,0.7531788271813263,0.7,66
10744,philosophy,E,E,0.9,0.7356290310829416,0.9,104
10745,philosophy,A,B,0.9,0.6990797211425119,0.9,120
10746,philosophy,J,J,0.9,0.8394207058625445,0.9,78
10747,philosophy,D,C,0.85,0.759872689728834,0.85,104
10748,philosophy,C,D,0.8,0.7319013870937437,0.4,87
10749,philosophy,J,J,0.95,0.6569440406348517,0.6,230
10750,philosophy,H,H,0.95,0.667497955202306,0.95,190
10751,philosophy,H,D,0.9,0.7564241992157438,0.9,101
10752,philosophy,G,G,0.95,0.7777464175940264,0.95,53
10753,philosophy,A,A,0.9,0.8336583825494863,0.9,59
10754,philosophy,C,D,0.95,0.7571979471114988,0.95,89
10755,philosophy,H,G,0.7,0.7358566720187731,0.4,94
10756,philosophy,B,B,0.9,0.8229129406241347,0.9,58
10757,philosophy,C,A,0.95,0.8009050262355467,0.4,108
10758,philosophy,G,G,0.95,0.807655025639256,0.95,94
10759,philosophy,G,I,0.95,0.8062288992189038,0.95,99
10760,philosophy,C,C,0.95,0.8040966792556149,0.95,99
10761,philosophy,H,E,0.9,0.808937362072408,0.9,92
10762,philosophy,D,D,0.95,0.8074304126371518,0.95,67
10763,philosophy,B,B,0.85,0.771086086076838,0.85,53
10764,philosophy,E,A,0.9,0.7600412240345656,0.9,75
10765,philosophy,H,H,0.95,0.6898156595604523,0.4,146
10766,philosophy,I,E,0.98,0.724807160357289,0.5,64
10767,philosophy,A,J,0.9,0.8095112080372093,0.9,62
10768,philosophy,D,C,0.95,0.6947419453675164,0.7,81
10769,philosophy,B,B,0.9,0.8769960321463721,0.9,56
10770,philosophy,C,A,0.9,0.8536687946148737,0.9,154
10771,philosophy,G,G,1.0,0.7771847467495469,0.9,112
10772,philosophy,F,G,1.0,0.768696581038106,1.0,174
10773,philosophy,B,B,1.0,0.8633936838495851,1.0,57
10774,philosophy,A,B,1.0,0.9114512367330072,0.9,275
10775,philosophy,G,A,1.0,0.89903985854986,0.6666666666666666,97
10776,philosophy,C,G,0.9,0.7065604153160185,0.0,182
10777,philosophy,J,C,0.9,0.7367372093166852,0.9,211
10778,philosophy,E,D,0.85,0.8136821548145736,0.7,62
10779,philosophy,E,E,0.85,0.8067676122875803,0.85,59
10780,philosophy,H,D,0.85,0.7707859986411,1.0,61
10781,philosophy,F,A,0.9,0.6382836065643699,0.9,92
10782,philosophy,C,C,0.85,0.7197984329750716,0.85,180
10783,philosophy,J,H,0.8,0.7759789665129135,0.8,60
10784,philosophy,D,I,0.9,0.8184892921670254,0.6,56
10785,philosophy,D,G,0.85,0.7532379800946034,0.85,67
10786,philosophy,A,A,0.7,0.8171447978685022,0.7,130
10787,philosophy,B,D,0.9,0.6728716616268455,0.9,160
10788,philosophy,A,A,0.95,0.7604379459884071,0.95,112
10789,philosophy,B,A,0.95,0.787121186774663,0.95,85
10790,philosophy,B,B,1.0,0.8359698246196896,0.95,194
10791,philosophy,J,J,1.0,0.7737565629148805,0.9,104
10792,philosophy,E,E,1.0,0.8632441931082956,1.0,57
10793,philosophy,A,C,0.9,0.7873694069771462,0.8,130
10794,philosophy,G,J,1.0,0.7925139406047791,0.9,63
10795,philosophy,C,A,0.9,0.8185481977749353,0.7,59
10796,philosophy,B,B,0.95,0.82536911594015,0.95,70
10797,philosophy,A,C,0.95,0.8336894240307897,0.0,63
10798,philosophy,I,I,0.95,0.8312247196254889,0.95,63
10799,philosophy,C,A,0.9,0.8231567430973203,0.0,55
10800,philosophy,J,B,0.9,0.7247760222817332,0.9,69
10801,philosophy,A,G,0.95,0.7948600205098624,0.9,83
10802,philosophy,H,C,0.95,0.8409081747263605,0.7,79
10803,philosophy,H,H,0.85,0.766736847368132,0.85,67
10804,philosophy,H,C,0.9,0.7585679391326278,0.9,104
10805,philosophy,D,B,0.2,0.6858032226449943,0.7,847
10806,philosophy,H,E,0.95,0.6690663776677797,0.95,150
10807,philosophy,D,B,0.95,0.6487271373179462,0.95,146
10808,philosophy,B,C,0.95,0.7595776679109321,0.95,87
10809,philosophy,G,B,0.95,0.6558317591808968,0.95,102
10810,philosophy,C,C,0.95,0.7320243811716778,0.95,95
10811,philosophy,G,E,0.9,0.6808739668000617,0.7,303
10812,philosophy,G,B,0.95,0.7004875639732987,0.95,199
10813,philosophy,D,A,0.95,0.7392179097758693,0.95,123
10814,philosophy,E,E,0.9,0.813079965871192,0.9,81
10815,philosophy,E,F,0.95,0.8987201469891645,1.0,69
10816,philosophy,D,B,1.0,0.8482374083932038,0.95,222
10817,philosophy,C,E,1.0,0.8908597091492413,0.8,71
10818,philosophy,H,G,1.0,0.924252136525974,1.0,383
10819,philosophy,B,B,0.95,0.869861725612397,0.95,67
10820,philosophy,J,J,1.0,0.8318096086007701,1.0,82
10821,philosophy,H,C,0.95,0.8113235712346253,0.95,61
10822,philosophy,D,B,0.8,0.7621147875241165,0.8,66
10823,philosophy,D,C,0.85,0.7417135949954531,0.85,148
10824,philosophy,I,H,0.95,0.762877545525834,0.0,76
10825,philosophy,D,I,0.8,0.7961532511111372,0.8,82
10826,philosophy,D,D,0.95,0.8122064252191011,0.95,100
10827,philosophy,D,B,1.0,0.7674449133259457,0.0,155
10828,philosophy,D,A,0.9,0.7518367373801838,0.9,105
10829,philosophy,A,G,1.0,0.8383624916375934,0.8,65
10830,philosophy,A,A,0.85,0.7011854038529437,0.85,101
10831,philosophy,F,F,0.8,0.6902874891630254,0.8,380
10832,philosophy,I,E,0.8,0.7188277889902075,0.8,95
10833,philosophy,J,J,0.85,0.8293443563121716,1.0,60
10834,philosophy,B,A,0.9,0.6806121904583853,0.9,81
10835,philosophy,D,B,0.8,0.7242919730984435,0.9,165
10836,philosophy,A,H,0.95,0.8625815898169225,0.0,69
10837,philosophy,B,I,0.9,0.7744245109714526,0.9,76
10838,philosophy,H,I,0.95,0.7917156092801664,0.95,117
10839,philosophy,A,I,0.0,0.7490375603023871,0.0,84
10840,philosophy,E,F,0.9,0.7859811422350395,0.9,150
10841,philosophy,G,B,0.95,0.7069484295914991,0.95,226
10842,philosophy,B,D,0.95,0.9150908852935299,0.0,55
10843,philosophy,J,D,0.95,0.8071584642396831,0.95,76
10844,philosophy,B,D,0.9,0.7507634885509984,0.8,60
10845,philosophy,A,A,0.95,0.7218981646639757,0.95,80
10846,philosophy,A,F,0.8,0.6988481140075778,0.9,91
10847,philosophy,A,A,0.9,0.7526674613692487,0.9,94
10848,philosophy,G,B,0.85,0.7432581181480006,0.85,79
10849,philosophy,A,A,0.85,0.7252956993726962,0.85,73
10850,philosophy,F,J,0.95,0.7114512500015668,0.95,190
10851,philosophy,A,B,0.9,0.7951577531040623,0.45,45
10852,philosophy,D,D,0.9,0.8232967802016129,0.9,47
10853,philosophy,A,D,0.9,0.6757635548564129,0.7,78
10854,philosophy,F,F,0.95,0.8016801823152937,0.95,36
10855,philosophy,J,J,0.9,0.7272924008156292,0.9,92
10856,philosophy,F,J,0.95,0.7787472241241243,0.0,37
10857,philosophy,E,H,0.85,0.8532549565565933,0.4,42
10858,philosophy,C,C,1.0,0.8063472921547017,1.0,66
10859,philosophy,E,E,1.0,0.8336831669691477,1.0,100
10860,philosophy,D,D,0.95,0.84387322887101,0.95,70
10861,philosophy,A,D,0.9,0.8518601800314075,0.8,64
10862,philosophy,D,D,1.0,0.8946490566200516,1.0,70
10863,philosophy,G,A,1.0,0.8691473529068198,0.0,94
10864,philosophy,E,E,1.0,0.892250518478233,1.0,208
10865,philosophy,J,I,0.92,0.6664781885949415,0.92,196
10866,philosophy,E,A,0.8,0.7409760594238062,0.8,61
10867,philosophy,D,C,0.8,0.7543500223754876,0.8,95
10868,philosophy,J,G,0.9,0.7730954280520818,0.9,52
10869,philosophy,D,D,0.95,0.8465976283269234,0.95,62
10870,philosophy,H,F,0.9,0.7442734777460441,0.9,83
10871,philosophy,E,I,0.95,0.7532466738630748,0.7,97
10872,philosophy,G,D,0.95,0.6558849737229907,0.95,230
10873,philosophy,F,B,0.9,0.7568393205068684,0.5,92
10874,philosophy,B,D,0.9,0.7927308542872004,0.9,52
10875,philosophy,B,A,0.9,0.764889958075303,0.4,112
10876,philosophy,J,D,0.9,0.7306563463033958,0.9,70
10877,philosophy,H,B,0.9,0.7205173741502018,0.1,81
10878,philosophy,I,G,0.95,0.8104173288781222,0.95,65
10879,philosophy,E,E,0.99,0.8846000061105392,0.99,57
10880,philosophy,A,A,0.95,0.7689229174909862,0.95,134
10881,philosophy,H,H,0.8,0.7781186745721834,0.8,86
10882,philosophy,E,D,0.95,0.8132579363973794,0.95,91
10883,philosophy,C,C,0.9,0.7657451076792531,0.7,108
10884,philosophy,B,B,0.95,0.8118261844918665,0.95,98
10885,philosophy,B,C,0.9,0.7392639068067082,0.9,93
10886,philosophy,A,C,0.95,0.8651665258063694,0.78,58
10887,philosophy,B,B,0.85,0.7835328782565457,0.4,104
10888,philosophy,D,J,0.9,0.7506067087834193,0.9,91
10889,philosophy,H,G,0.9,0.7369531837627599,0.9,79
10890,philosophy,D,B,0.85,0.7708290664630771,0.85,57
10891,philosophy,A,A,0.9,0.7655938302441132,0.9,68
10892,philosophy,E,B,0.9,0.6534910990386993,0.9,121
10893,philosophy,D,D,0.9,0.8143519128113635,0.9,73
10894,philosophy,H,J,0.9,0.7186515612031285,0.9,86
10895,philosophy,E,H,0.8,0.7622440011971692,0.8,67
10896,philosophy,G,F,0.9,0.7457527654950165,0.8,95
10897,philosophy,C,C,1.0,0.8367403583392446,1.0,55
10898,philosophy,G,D,1.0,0.820067155497355,1.0,202
10899,philosophy,D,C,0.9,0.8195642326970015,0.4,83
10900,philosophy,B,E,1.0,0.8299738070123105,0.0,213
10901,philosophy,C,C,1.0,0.8386262145494977,1.0,73
10902,philosophy,D,C,1.0,0.8635451392347328,0.0,279
10903,philosophy,A,A,1.0,0.8427779675479935,0.9,69
10904,philosophy,G,F,0.95,0.7848325045309443,0.0,70
10905,philosophy,D,H,1.0,0.8090951378175585,0.0,130
10906,philosophy,E,E,0.95,0.8157876877730074,0.95,67
10907,philosophy,A,A,1.0,0.8815458234930799,1.0,62
10908,philosophy,I,C,0.95,0.6944499567663817,0.95,162
10909,philosophy,I,I,0.9,0.8290863644632676,0.9,47
10910,philosophy,D,C,0.95,0.7378280310412323,0.95,70
10911,philosophy,G,I,0.85,0.7251671429771485,0.85,108
10912,philosophy,D,F,0.8,0.6788130198461024,0.8,141
10913,philosophy,D,D,0.95,0.7479639826894846,0.95,97
10914,philosophy,I,I,0.95,0.7545314899086448,0.95,54
10915,philosophy,B,D,0.75,0.7446857358536039,0.0,66
10916,philosophy,I,I,0.85,0.8409208548475079,0.85,198
10917,philosophy,D,D,0.9,0.7511057181819959,0.9,106
10918,philosophy,H,I,0.95,0.7025254912191184,0.95,98
10919,philosophy,A,C,0.95,0.7653474394975583,0.95,93
10920,philosophy,A,A,1.0,0.8098822459339104,1.0,69
10921,philosophy,A,E,0.99,0.7739022873205339,0.99,147
10922,philosophy,D,D,0.95,0.7867467020536318,0.95,66
10923,philosophy,C,C,0.95,0.806498001649488,0.95,53
10924,philosophy,A,A,0.95,0.7737288380374756,0.95,73
10925,philosophy,C,J,0.9,0.6353900528575706,0.8,265
10926,philosophy,C,B,0.9,0.7156884777715711,0.9,97
10927,philosophy,C,C,0.95,0.7864937467391042,0.95,108
10928,philosophy,C,A,0.9,0.8061401206592146,0.9,54
10929,philosophy,I,D,0.9,0.7730476587049561,0.8,99
10930,philosophy,C,C,0.9,0.7626558360461865,0.9,83
10931,philosophy,B,C,0.85,0.7409907237662754,0.85,65
10932,philosophy,E,E,0.98,0.7595891371506791,0.98,61
10933,philosophy,C,E,0.95,0.8075883037851044,0.95,52
10934,philosophy,E,A,0.95,0.7493461311116045,0.95,99
10935,philosophy,B,B,0.85,0.7624661000362922,0.85,64
10936,philosophy,D,D,0.95,0.7277973078602583,0.95,163
10937,philosophy,A,E,0.95,0.7311965146914553,0.95,97
10938,philosophy,H,H,0.8,0.7133805055206919,0.8,65
10939,philosophy,G,G,0.95,0.8330424731376458,0.95,84
10940,philosophy,H,I,0.9,0.7258997713405648,0.9,235
10941,philosophy,G,B,1.0,0.7713616434103409,1.0,165
10942,philosophy,B,A,0.9,0.948982278636954,0.8,285
10943,philosophy,B,B,0.9,0.8396944244019383,0.9,95
10944,philosophy,J,I,0.95,0.8079818018301598,0.7,79
10945,philosophy,A,C,0.8,0.7455374275262473,0.8,77
10946,philosophy,F,D,0.9,0.7349610296883432,0.6,136
10947,philosophy,B,B,0.9,0.7315753589642399,0.9,67
10948,philosophy,F,B,0.9,0.8042175040223467,0.9,113
10949,philosophy,F,F,0.9,0.738018176053294,0.9,79
10950,philosophy,D,D,0.9,0.7798334412461535,0.9,54
10951,philosophy,A,A,1.0,0.8276885736646185,1.0,107
10952,philosophy,F,F,0.85,0.8696563013563116,0.95,45
10953,philosophy,C,C,0.85,0.7459825871435373,0.85,118
10954,philosophy,C,C,0.85,0.8161332735474947,0.85,65
10955,philosophy,B,C,0.95,0.7585175429954938,0.0,152
10956,philosophy,H,H,0.9,0.7547623437882648,0.9,74
10957,philosophy,I,I,0.9,0.668632230646322,0.9,202
10958,philosophy,H,E,0.9,0.7440279206609018,0.7,56
10959,philosophy,G,G,0.9,0.704096951017349,0.9,72
10960,philosophy,G,D,0.9,0.7464597712877282,0.9,99
10961,philosophy,A,I,0.9,0.8010362549910598,0.7,97
10962,philosophy,I,A,0.95,0.8536748316797991,0.95,87
10963,philosophy,I,A,0.9,0.7970707709606853,0.9,50
10964,philosophy,J,I,0.85,0.6554132672224218,0.85,182
10965,philosophy,F,F,0.85,0.7098668497768751,0.85,87
10966,philosophy,F,F,0.9,0.6957711555288336,0.9,98
10967,philosophy,D,A,1.0,0.9216491996180651,1.0,191
10968,philosophy,F,C,0.9,0.7871525396241037,0.9,301
10969,philosophy,G,G,1.0,0.8364818184400327,0.95,69
10970,philosophy,D,A,0.9,0.8002888121694856,0.9,47
10971,philosophy,F,B,0.95,0.8373167355400372,0.4,78
10972,philosophy,C,D,1.0,0.9411105634386944,1.0,388
10973,philosophy,F,H,0.85,0.6632520265312907,0.8,349
10974,philosophy,I,E,0.9,0.7308578444094681,0.4,90
10975,philosophy,A,A,0.9,0.8232434740686178,0.9,77
10976,philosophy,D,D,0.9,0.6616999644607046,0.9,205
10977,philosophy,D,A,0.95,0.835365508330206,0.9,70
10978,philosophy,C,C,0.9,0.7383816444473115,0.9,106
10979,philosophy,D,A,0.9,0.7113453150259192,0.8,79
10980,philosophy,E,C,0.9,0.8035700854585944,0.4,75
10981,philosophy,D,C,0.9,0.7677624347066709,0.9,53
10982,philosophy,C,C,0.9,0.7323192047670418,0.9,135
10983,philosophy,C,A,0.85,0.7818212172276128,0.85,50
10984,philosophy,H,D,0.95,0.8812660765834478,0.95,66
10985,philosophy,B,B,0.8,0.7507420901638647,0.8,89
10986,philosophy,C,C,0.95,0.7831066705122868,0.95,48
10987,philosophy,B,,1.0,0.7051407195619604,0.0,84
10988,philosophy,D,D,0.95,0.8024669678492066,0.95,56
10989,philosophy,F,B,0.95,0.7069954569002777,0.8,88
10990,philosophy,F,C,0.95,0.7409768833749464,0.7,63
10991,philosophy,A,D,0.95,0.8147287817135621,0.0,110
10992,philosophy,D,D,0.95,0.6253146680642692,0.95,125
10993,philosophy,E,H,0.9,0.6348461069761848,0.9,206
10994,philosophy,G,H,0.95,0.7965311016982772,0.95,58
10995,philosophy,C,A,0.9,0.7141221366191365,0.9,82
10996,philosophy,G,I,0.9,0.7361153431655917,0.9,78
10997,philosophy,H,I,0.8,0.6621548000300721,0.4,166
10998,philosophy,G,J,0.95,0.7149321412526084,0.95,193
10999,philosophy,A,A,1.0,0.9073716339661372,1.0,288
11000,philosophy,E,C,1.0,0.8994175497787757,0.95,93
11001,philosophy,A,H,0.85,0.6880464850347817,0.0,120
11002,philosophy,D,D,1.0,0.921985926373634,1.0,40
11003,philosophy,F,B,0.98,0.8822724378292011,0.98,65
11004,philosophy,H,E,1.0,0.8480060894999532,1.0,67
11005,philosophy,C,J,0.9,0.8786981701438262,0.0,89
11006,philosophy,A,F,1.0,0.8503743203462667,1.0,84
11007,philosophy,J,J,0.85,0.7721855382365018,0.85,93
11008,philosophy,I,F,0.95,0.7885777507909845,0.95,59
11009,philosophy,H,H,0.8,0.7217621110809253,0.8,80
11010,philosophy,B,I,0.9,0.7543167261644886,0.9,69
11011,philosophy,G,I,0.9,0.7696342816840395,0.7,97
11012,philosophy,C,B,0.9,0.7726549449669206,0.9,54
11013,philosophy,I,I,0.85,0.693222667319216,0.85,136
11014,philosophy,J,J,0.7,0.7471742436291559,0.7666666666666666,144
11015,philosophy,E,H,0.95,0.7955761079871283,0.95,102
11016,philosophy,B,A,0.9,0.840932729815834,0.7,38
11017,philosophy,D,A,0.9,0.7850430300736749,0.9,87
11018,philosophy,H,H,0.95,0.7868245735776894,0.95,76
11019,philosophy,B,A,0.9,0.7242617872337491,0.9,94
11020,philosophy,B,G,0.9,0.7313665011301339,0.4,108
11021,philosophy,F,B,0.9,0.5894438698860223,0.9,158
11022,philosophy,J,J,0.95,0.8888114377969523,0.95,68
11023,philosophy,G,J,0.95,0.8794057539706438,0.0,66
11024,philosophy,A,G,0.9,0.7100175687238929,0.4,146
11025,philosophy,D,A,0.85,0.7015748102581909,0.4,134
11026,philosophy,B,B,0.9,0.7296763192378968,0.5,68
11027,philosophy,C,C,0.9,0.7665727574741168,0.9,100
11028,philosophy,A,A,0.95,0.773374387220973,0.95,75
11029,philosophy,A,A,0.8,0.7989837106888861,0.8,87
11030,philosophy,A,E,0.9,0.6632901356430467,0.1,99
11031,philosophy,D,D,0.95,0.7222347044005717,0.8,58
11032,philosophy,D,C,0.85,0.785487601538058,0.85,47
11033,philosophy,B,B,0.95,0.6876074328433551,0.9,88
11034,philosophy,B,H,0.85,0.7324976668588753,0.0,72
11035,philosophy,E,C,0.85,0.7980911766972951,0.85,60
11036,philosophy,B,A,1.0,0.8740924470514142,0.0,91
11037,philosophy,F,B,1.0,0.8952330275637886,0.0,61
11038,philosophy,A,B,0.95,0.9392859521021654,0.0,243
11039,philosophy,F,D,1.0,0.8316936165785707,1.0,126
11040,philosophy,I,I,1.0,0.8961853465137712,1.0,204
11041,philosophy,B,B,1.0,0.7985687698925218,1.0,94
11042,philosophy,I,B,0.85,0.7116055105175145,0.85,59
11043,philosophy,E,J,0.9,0.7148390164554751,0.9,111
11044,philosophy,D,A,0.85,0.7752723918105615,0.85,71
11045,philosophy,I,B,0.9,0.8313701438356929,0.9,106
11046,philosophy,B,E,0.9,0.7281249525156195,0.4,106
11047,philosophy,I,D,0.95,0.8972904464845773,0.7,45
11048,philosophy,C,D,0.95,0.7286084028726485,0.95,136
11049,philosophy,E,E,0.9,0.7476131348740414,0.7,98
11050,philosophy,G,C,0.9,0.8014160085668806,0.9,47
11051,philosophy,B,E,0.95,0.720324130730804,0.95,732
11052,philosophy,C,F,0.75,0.7622575504205854,0.75,100
11053,philosophy,B,B,0.85,0.7040324431068123,0.85,84
11054,philosophy,C,B,0.9,0.779618845077427,0.9,93
11055,philosophy,J,J,0.9,0.715141143153507,0.9,203
11056,philosophy,G,A,0.95,0.861377590903669,0.95,60
11057,philosophy,E,I,0.95,0.8718458559149004,0.95,101
11058,philosophy,C,C,0.95,0.8034830410440051,0.95,53
11059,philosophy,A,B,0.85,0.7658749107739188,0.85,79
11060,philosophy,C,D,0.9,0.7738526298089504,0.4,68
11061,philosophy,A,D,0.9,0.80125922514998,0.9,106
11062,philosophy,D,J,0.95,0.7810524488385239,0.7,72
11063,engineering,C,G,0.65,0.827633865076002,0.65,137
11064,engineering,C,C,0.95,0.8697524093110154,0.95,48
11065,engineering,A,A,0.9,0.7867902428011333,0.9,73
11066,engineering,H,H,1.0,0.8364424787868026,1.0,92
11067,engineering,G,D,0.95,0.7582025440216282,0.95,128
11068,engineering,B,A,0.9,0.7999275821971947,0.9,474
11069,engineering,G,A,0.9,0.8284433220086018,0.9,193
11070,engineering,A,C,0.9,0.890732797388261,0.9,274
11071,engineering,F,I,0.1,0.7531168262003398,0.6,171
11072,engineering,J,B,0.9,0.7558469306435118,0.4,210
11073,engineering,H,,0.3,0.7029122675365139,0.0,464
11074,engineering,I,B,0.9,0.7054415125001042,0.9,159
11075,engineering,J,A,0.7,0.8523548038343477,0.0,320
11076,engineering,H,H,0.9,0.8778738761872901,0.9,196
11077,engineering,A,I,0.9,0.858492485716858,0.0,122
11078,engineering,E,E,1.0,0.8883818644551594,1.0,186
11079,engineering,E,E,1.0,0.8902136870535269,0.9,245
11080,engineering,D,D,0.9,0.7337094666758132,0.9,286
11081,engineering,A,J,1.0,0.8037828327381232,0.0,227
11082,engineering,G,G,1.0,0.8699975027821865,1.0,246
11083,engineering,C,C,0.9,0.7575966922505778,0.9,123
11084,engineering,A,B,0.9,0.7682011276719818,0.9,118
11085,engineering,J,D,0.95,0.8616595611775838,0.95,136
11086,engineering,D,,0.95,0.8569006208044839,0.95,179
11087,engineering,B,B,0.95,0.8925209953148584,0.95,55
11088,engineering,D,C,0.95,0.8369142778471901,0.7,137
11089,engineering,H,B,1.0,0.9196837392686362,0.5,65
11090,engineering,F,A,0.95,0.8467192274545727,0.4,443
11091,engineering,F,D,0.4,0.7848782711891621,0.7,377
11092,engineering,J,B,0.9,0.7651845263577899,0.4,189
11093,engineering,B,I,0.0,0.8191550241291548,0.0,202
11094,engineering,C,B,0.95,0.7806645420727536,0.95,101
11095,engineering,D,E,0.95,0.9131193539129868,0.7,820
11096,engineering,D,B,1.0,0.8975078538148148,0.0,71
11097,engineering,H,H,0.65,0.6475330729562185,0.0,285
11098,engineering,J,B,0.95,0.9018418547068197,0.95,138
11099,engineering,J,E,0.95,0.8077433986984995,0.95,104
11100,engineering,C,C,0.85,0.9028362953779009,0.7,93
11101,engineering,C,C,0.9,0.7489535757401339,0.9,119
11102,engineering,B,A,0.95,0.8813270880827476,0.8,371
11103,engineering,E,D,0.0,0.8558435457947213,0.4,374
11104,engineering,D,D,0.95,0.8154053116259599,0.95,222
11105,engineering,B,C,0.95,0.8539857631835889,0.95,188
11106,engineering,G,G,0.95,0.8131540925679268,0.95,115
11107,engineering,B,B,0.9,0.6592035062989898,0.8,144
11108,engineering,F,F,0.9,0.7397828610756302,1.0,123
11109,engineering,I,J,0.95,0.7728875437379772,0.0,109
11110,engineering,E,D,0.9,0.7991788263506776,0.9,354
11111,engineering,A,A,0.9,0.8738685637945093,0.9,180
11112,engineering,A,D,0.6,0.7362420749677497,0.0,205
11113,engineering,C,B,0.95,0.8568411756452958,0.95,144
11114,engineering,D,,0.95,0.747200057494283,0.95,146
11115,engineering,I,I,0.9,0.8352134145529859,0.9,119
11116,engineering,E,H,0.5,0.7555537238808597,0.5,221
11117,engineering,F,C,0.97,0.8270532162884983,0.97,65
11118,engineering,D,C,0.95,0.8678516063555032,0.95,336
11119,engineering,J,B,0.9,0.8439621809592702,0.9,281
11120,engineering,D,C,0.85,0.7864753580885053,0.85,56
11121,engineering,I,D,0.95,0.7745010914902013,0.95,293
11122,engineering,D,D,0.0,0.7838008838991778,0.0,219
11123,engineering,B,B,0.9,0.8275930114221731,0.9,293
11124,engineering,A,C,0.95,0.8060584190805846,0.95,168
11125,engineering,G,A,1.0,0.8403492016423073,0.0,217
11126,engineering,J,E,0.85,0.8498666805765174,0.85,110
11127,engineering,C,G,0.95,0.8480855180008761,0.7,186
11128,engineering,C,I,0.5,0.7571904288019506,0.5,151
11129,engineering,C,D,0.85,0.8670191636561942,0.85,408
11130,engineering,H,D,1.0,0.7839615778299994,0.1,219
11131,engineering,A,C,0.5,0.6753269593788235,0.0,226
11132,engineering,A,D,0.8,0.8960339177463527,0.0,63
11133,engineering,A,B,0.85,0.8503365564722644,0.0,188
11134,engineering,G,C,0.9,0.8984578180066011,0.9,168
11135,engineering,D,D,0.9,0.8400085457373896,0.9,77
11136,engineering,H,H,0.95,0.8558546739402227,0.95,105
11137,engineering,G,H,0.95,0.7204186927286026,0.95,85
11138,engineering,G,G,0.99,0.8720766824606689,1.0,196
11139,engineering,B,C,0.95,0.7084918655140244,0.95,95
11140,engineering,D,A,1.0,0.7789541113338723,0.9,667
11141,engineering,D,E,0.95,0.8037394637411485,0.95,398
11142,engineering,G,C,0.8,0.6990921685805401,0.8,131
11143,engineering,A,I,0.95,0.9279522555543237,0.6,290
11144,engineering,B,B,0.95,0.7865482643709281,0.95,205
11145,engineering,G,C,0.95,0.7635953947161013,0.7,209
11146,engineering,B,F,0.97,0.7187047564594718,0.97,66
11147,engineering,F,H,1.0,0.7176081710202189,0.7,131
11148,engineering,I,E,0.85,0.7235902269592256,0.9,135
11149,engineering,I,E,0.95,0.8527529631638389,0.8,102
11150,engineering,G,H,0.65,0.7322900043138925,0.65,409
11151,engineering,E,J,0.75,0.8485786980085981,0.0,62
11152,engineering,I,,0.9,0.821709317016016,0.9,132
11153,engineering,C,C,1.0,0.8929583086141046,1.0,107
11154,engineering,E,,0.95,0.8433236545748578,0.95,238
11155,engineering,A,B,0.95,0.8618688304945017,0.8,240
11156,engineering,C,C,1.0,0.9305046167694332,1.0,143
11157,engineering,D,A,0.9,0.8991247826033762,0.95,403
11158,engineering,A,A,0.95,0.9309322328022924,0.95,154
11159,engineering,I,G,0.65,0.764461048814252,0.65,324
11160,engineering,A,H,0.95,0.8686295219600944,0.95,156
11161,engineering,F,B,0.95,0.9555863714045791,0.95,833
11162,engineering,D,D,0.95,0.7007737969354774,0.95,110
11163,engineering,F,B,0.9,0.8183894078018991,0.9,149
11164,engineering,C,D,0.85,0.7918865576422686,0.85,561
11165,engineering,A,A,0.9,0.8009043260551933,0.7,475
11166,engineering,J,E,0.95,0.818025966846425,0.95,467
11167,engineering,F,E,1.0,0.835519052192876,1.0,144
11168,engineering,A,A,1.0,0.8642818670734101,0.7,169
11169,engineering,J,B,1.0,0.8420880471670789,0.95,337
11170,engineering,E,E,1.0,0.8794896866755957,1.0,135
11171,engineering,D,B,1.0,0.8789308877204061,,1095
11172,engineering,B,B,0.95,0.7650563546114921,0.95,131
11173,engineering,D,D,0.95,0.7248147150762084,0.95,188
11174,engineering,G,H,1.0,0.8121111119366363,1.0,47
11175,engineering,H,B,1.0,0.8834318218719349,1.0,108
11176,engineering,J,J,0.95,0.709772861304969,0.95,313
11177,engineering,B,H,0.7,0.8214719448202921,0.6,279
11178,engineering,H,H,0.9,0.8475913511401495,1.0,201
11179,engineering,C,A,0.85,0.9078976264614569,1.0,133
11180,engineering,C,C,0.8,0.7045618720047945,0.0,212
11181,engineering,H,F,0.9,0.836288955158895,0.7,138
11182,engineering,E,C,0.75,0.7495847204916053,0.0,90
11183,engineering,J,A,0.9,0.8368610812588053,0.6,627
11184,engineering,E,E,0.84,0.8940031577021307,0.8,341
11185,engineering,D,D,1.0,0.7471602948560635,1.0,216
11186,engineering,H,H,0.5,0.8110049555392412,0.0,216
11187,engineering,D,A,0.9,0.7452272540485151,0.9,125
11188,engineering,I,E,0.85,0.7817277050018846,0.85,182
11189,engineering,J,C,1.0,0.9019245062165289,1.0,408
11190,engineering,I,F,0.8,0.7396682353098833,0.8,203
11191,engineering,F,B,0.75,0.8497432863114495,0.375,117
11192,engineering,H,C,0.95,0.7911026066699874,0.95,214
11193,engineering,G,D,1.0,0.92429885680495,0.0,396
11194,engineering,E,D,0.9,0.7840838643066957,0.45,282
11195,engineering,D,D,0.95,0.8988550191334487,0.4,287
11196,engineering,D,E,0.7,0.8491620134183425,0.4,631
11197,engineering,D,,0.9,0.8715014173080421,0.6,335
11198,engineering,C,,0.7,0.8348647427325256,0.8,584
11199,engineering,F,A,0.95,0.8394871367081456,0.31666666666666665,157
11200,engineering,E,J,0.9,0.8437033760764979,0.4,204
11201,engineering,I,E,0.9,0.73762237905533,0.9,94
11202,engineering,J,J,0.85,0.6108554308380618,0.85,104
11203,engineering,I,,0.9,0.8167719073692594,0.6,91
11204,engineering,D,D,0.9,0.7697769606696232,0.9,416
11205,engineering,I,B,0.25,0.9310326158540874,0.0,241
11206,engineering,J,A,0.95,0.8825371552254888,0.95,227
11207,engineering,C,C,1.0,0.9325482055640528,1.0,81
11208,engineering,E,B,1.0,0.9095454192524293,1.0,57
11209,engineering,G,G,0.95,0.901042477879289,0.8,183
11210,engineering,D,F,0.95,0.9054970571586438,0.95,124
11211,engineering,F,F,1.0,0.9150304809807122,1.0,36
11212,engineering,I,F,0.95,0.713840873397762,0.95,202
11213,engineering,G,F,0.9,0.8291006722255615,0.9,55
11214,engineering,A,J,0.98,0.8019816792031653,0.8,103
11215,engineering,C,,1.0,0.8084559846366652,0.0,247
11216,engineering,J,E,0.4,0.8370859213028367,0.0,574
11217,engineering,I,D,0.85,0.7784627902416928,0.85,161
11218,engineering,J,A,1.0,0.8441489360960315,0.95,130
11219,engineering,A,I,0.0,0.7359502942668265,0.0,117
11220,engineering,C,B,0.9,0.8878984075456466,0.9,377
11221,engineering,H,E,0.95,0.8169480887738428,0.8,137
11222,engineering,A,C,0.99,0.800701294667148,0.0,237
11223,engineering,A,J,0.9,0.7616724171260802,0.0,300
11224,engineering,F,E,1.0,0.8993966619245206,0.0,111
11225,engineering,G,D,0.95,0.8802252367687817,0.95,80
11226,engineering,E,B,0.92,0.750860910620759,0.8,166
11227,engineering,A,B,0.9,0.7500814911062951,0.8,127
11228,engineering,F,I,0.9,0.7308136118723664,0.4,80
11229,engineering,F,A,1.0,0.7667600863113292,0.9,202
11230,engineering,J,C,0.95,0.7694931193150217,0.95,81
11231,engineering,A,B,0.92,0.7599670286028716,0.0,167
11232,engineering,E,F,0.9,0.8774950287980025,0.9,450
11233,engineering,D,,0.0,0.7369825410172921,0.0,225
11234,engineering,F,C,0.99,0.8456612207019626,0.0,126
11235,engineering,H,H,0.85,0.8639652065599562,0.85,276
11236,engineering,J,E,0.95,0.808365586440863,0.6,463
11237,engineering,F,G,0.98,0.8284264923310025,0.8,429
11238,engineering,D,,0.0,0.8785758622142215,0.0,688
11239,engineering,H,F,1.0,0.90453667214193,0.9,238
11240,engineering,I,A,1.0,0.8472240594764074,1.0,143
11241,engineering,C,B,0.9,0.8250418304330309,0.4,593
11242,engineering,I,G,1.0,0.8459616985836417,1.0,123
11243,engineering,B,I,0.9,0.882194192430836,0.0,100
11244,engineering,B,D,0.92,0.7870572821416445,0.92,226
11245,engineering,A,B,0.95,0.8889006350317811,0.95,83
11246,engineering,E,E,0.95,0.8404427231999374,0.95,231
11247,engineering,A,A,0.6,0.6559609472516051,0.6,642
11248,engineering,E,J,0.75,0.7285144087555864,0.75,174
11249,engineering,F,G,0.85,0.8590395374155902,0.2,503
11250,engineering,A,A,0.9,0.666587802822901,0.9,100
11251,engineering,C,C,0.95,0.8017029306501421,0.6,105
11252,engineering,A,C,0.92,0.8166412421404247,0.9,277
11253,engineering,A,E,0.5,0.804229173788928,0.4,330
11254,engineering,C,C,0.85,0.7010865751280276,0.85,133
11255,engineering,F,H,1.0,0.9193462841930076,0.0,307
11256,engineering,F,F,1.0,0.886025027074068,1.0,77
11257,engineering,B,D,0.6,0.8170116398115577,0.0,246
11258,engineering,A,A,0.95,0.6941607418234006,0.95,202
11259,engineering,B,I,0.9,0.7769353780633932,0.4,223
11260,engineering,A,A,0.95,0.8074315894512929,0.0,389
11261,engineering,B,B,0.9,0.93895473117919,0.9,362
11262,engineering,A,F,1.0,0.8954470742030631,1.0,183
11263,engineering,G,G,0.83,0.9064148612964661,0.0,499
11264,engineering,H,I,0.5,0.6427238819509167,0.0,212
11265,engineering,D,A,0.95,0.8240336890844382,0.95,125
11266,engineering,D,I,0.85,0.8091829679509638,0.85,171
11267,engineering,H,B,0.85,0.7593144466730476,0.85,193
11268,engineering,H,D,0.9,0.7847700957856324,0.4,109
11269,engineering,E,D,0.95,0.8681523661840964,0.9,217
11270,engineering,J,C,0.95,0.7060340343188941,0.95,205
11271,engineering,A,B,0.7,0.7113712438150485,0.8,73
11272,engineering,E,B,0.95,0.671396019171935,0.0,141
11273,engineering,C,,0.3,0.7800146119667255,0.0,351
11274,engineering,A,B,1.0,0.7868266313623544,0.4,139
11275,engineering,F,I,1.0,0.86714057485757,0.8,372
11276,engineering,A,B,1.0,0.8142500776645608,0.0,136
11277,engineering,J,D,1.0,0.912962847574048,0.0,310
11278,engineering,C,C,1.0,0.8621301179830559,1.0,93
11279,engineering,B,B,0.9,0.8047729057277629,1.0,58
11280,engineering,C,C,1.0,0.8497896817638521,1.0,37
11281,engineering,G,G,0.95,0.7801186090058662,0.95,161
11282,engineering,J,J,0.95,0.726192895484353,0.95,144
11283,engineering,E,E,0.75,0.7580134384719118,0.9,64
11284,engineering,A,,0.95,0.8319080545032893,0.0,343
11285,engineering,F,B,0.85,0.7646704192845182,0.85,113
11286,engineering,H,C,0.95,0.8710612584417375,0.95,224
11287,engineering,C,C,0.85,0.7842398732631342,0.85,469
11288,engineering,A,J,0.95,0.7470732812985055,0.6,107
11289,engineering,E,E,0.9,0.8611567102820712,0.8,130
11290,engineering,E,E,0.95,0.7720402963574906,0.95,137
11291,engineering,E,,0.0,0.7634019096843324,0.0,206
11292,engineering,C,C,0.9,0.7913309017960244,0.9,176
11293,engineering,H,E,0.65,0.7212396723200359,0.65,180
11294,engineering,D,C,0.9,0.7970106781462886,0.9,132
11295,engineering,G,G,0.9,0.8186833318377466,0.9,194
11296,engineering,A,C,0.9,0.7922011699190186,0.8,100
11297,engineering,E,E,0.9,0.813123475721045,0.9,235
11298,engineering,F,F,0.85,0.8254643638497418,0.85,367
11299,engineering,E,A,0.9,0.8380752304305625,0.9,99
11300,engineering,B,A,0.9,0.7777470335254218,0.9,210
11301,engineering,B,A,1.0,0.8706526184368004,0.0,95
11302,engineering,J,E,1.0,0.8621878364629777,1.0,163
11303,engineering,C,F,0.95,0.8160698041111096,0.95,222
11304,engineering,A,A,0.99,0.7961641302153983,0.99,141
11305,engineering,B,B,1.0,0.7791252488992098,0.9,149
11306,engineering,B,I,0.98,0.8599964301450594,0.98,374
11307,engineering,H,H,0.95,0.9136127060334696,0.95,114
11308,engineering,C,H,0.9,0.8584003473183213,0.0,75
11309,engineering,D,B,0.95,0.7438688748748256,0.95,106
11310,engineering,H,J,0.9,0.8522217317680765,0.9,244
11311,engineering,G,A,0.9,0.7400614487263852,0.9,134
11312,engineering,F,D,0.95,0.7165825770359855,0.95,286
11313,engineering,D,C,0.92,0.6898024869672662,0.0,344
11314,engineering,A,,0.5,0.7131780272204108,0.0,484
11315,engineering,D,D,0.9,0.725628507496233,0.7,156
11316,engineering,B,B,1.0,0.8387031408049325,1.0,309
11317,engineering,H,B,0.65,0.8139360615249182,0.0,344
11318,engineering,A,B,0.2,0.7696692920811465,0.4,261
11319,engineering,B,B,0.9,0.812833597395393,0.9,242
11320,engineering,B,,0.95,0.8551082691532302,0.0,198
11321,engineering,H,E,0.85,0.8638192157501214,0.85,254
11322,engineering,A,J,0.0,0.7110518269325343,0.0,248
11323,engineering,D,C,0.9,0.8217147048647385,0.9,123
11324,engineering,F,B,0.95,0.8391855537263152,0.0,231
11325,engineering,E,C,0.7,0.6329346301457708,0.3,384
11326,engineering,E,H,1.0,0.838177125590244,0.0,76
11327,engineering,B,B,0.95,0.9418013917804706,0.95,54
11328,engineering,H,B,1.0,0.8383484737944442,1.0,154
11329,engineering,C,B,0.85,0.806132469777943,0.85,377
11330,engineering,A,F,0.85,0.8314090525363633,0.9,290
11331,engineering,F,,0.95,0.8638051369312638,0.0,351
11332,engineering,F,G,0.9,0.8290881740916333,0.9,251
11333,engineering,C,C,0.9,0.8391072410619654,0.9,222
11334,engineering,H,A,1.0,0.896358956160843,0.9,412
11335,engineering,I,,0.9,0.7946048290453854,0.6,159
11336,engineering,F,F,0.8,0.8892640884811485,0.4,395
11337,engineering,E,D,0.95,0.7604966250368689,0.8,360
11338,engineering,F,J,0.95,0.8665812004662714,0.95,122
11339,engineering,C,C,0.9,0.8557491104109987,0.8,555
11340,engineering,C,B,0.96,0.8961681854003684,0.97,197
11341,engineering,F,B,0.98,0.8719680123268049,0.9,301
11342,engineering,C,B,0.85,0.8187346903058185,0.85,65
11343,engineering,E,,1.0,0.7776945203450393,0.0,627
11344,engineering,B,C,1.0,0.8956165797195744,0.4,133
11345,engineering,I,I,0.9,0.785410375828454,0.9,243
11346,engineering,C,C,1.0,0.8651327708269918,1.0,83
11347,engineering,E,E,0.99,0.8639989903486152,0.99,180
11348,engineering,D,A,1.0,0.8445419182001486,0.0,556
11349,engineering,C,C,1.0,0.8328494825782623,1.0,182
11350,engineering,H,F,0.9,0.6539916565803354,0.8,72
11351,engineering,C,G,1.0,0.8478965545068217,1.0,94
11352,engineering,H,H,0.95,0.7278173322625251,0.95,109
11353,engineering,A,C,0.95,0.7773558271999043,0.7,131
11354,engineering,I,C,0.95,0.778805840298307,0.95,128
11355,engineering,E,H,1.0,0.8780024852499358,0.0,205
11356,engineering,B,C,0.85,0.8148969438216033,0.0,57
11357,engineering,H,H,1.0,0.8155866791793962,0.9,129
11358,engineering,A,B,1.0,0.8347540485923692,0.9,360
11359,engineering,C,C,0.85,0.8554240372392727,1.0,182
11360,engineering,I,C,0.95,0.8519835513308216,0.95,172
11361,engineering,G,H,0.85,0.7891560675288141,0.85,59
11362,engineering,H,H,0.85,0.8792063807649111,0.0,250
11363,engineering,D,G,0.95,0.7964122202855785,0.0,105
11364,engineering,A,B,0.9,0.744111280231213,0.9,65
11365,engineering,J,C,0.8,0.8224912532496239,0.8,142
11366,engineering,B,D,0.95,0.8404105667680042,1.0,60
11367,engineering,J,C,0.8,0.7612828403675481,0.6,93
11368,engineering,F,D,0.95,0.8049681839518772,0.95,93
11369,engineering,C,,0.0,0.9086787093471143,0.4,457
11370,engineering,D,J,0.0,0.800279691559971,0.0,260
11371,engineering,A,A,0.9,0.8204497821869404,0.95,404
11372,engineering,J,,1.0,0.8299571681893255,0.9,340
11373,engineering,J,B,1.0,0.8352070015098215,0.9,73
11374,engineering,C,J,0.85,0.7670198102501528,0.85,162
11375,engineering,E,G,0.4,0.8749626296990807,0.2,281
11376,engineering,F,F,0.9,0.812627246990891,0.9,193
11377,engineering,D,D,0.97,0.7168849534764202,0.8,65
11378,engineering,J,F,0.98,0.883139305529026,0.7,662
11379,engineering,G,D,0.95,0.8416626780672077,0.0,535
11380,engineering,G,G,0.95,0.8013638913428927,0.6,322
11381,engineering,E,E,0.95,0.8218913926102149,0.95,272
11382,engineering,C,H,0.7,0.8099650555519744,0.7,345
11383,engineering,C,I,0.45,0.7781702657132699,0.45,345
11384,engineering,H,,1.0,0.924203082139222,0.9,104
11385,engineering,F,F,0.99,0.9172280494569429,0.7,409
11386,engineering,G,D,1.0,0.8935096011445585,0.0,327
11387,engineering,E,,1.0,0.7369833677328075,0.0,537
11388,engineering,C,C,0.95,0.7427655992876157,0.95,92
11389,engineering,H,J,0.85,0.7012987574319618,0.4,244
11390,engineering,A,B,0.99,0.8849825123127693,0.99,461
11391,engineering,C,J,0.95,0.7941078152627948,0.95,66
11392,engineering,C,B,0.6,0.7657678020689854,0.85,110
11393,engineering,B,A,0.95,0.7642981498723429,0.95,133
11394,engineering,I,I,0.8,0.7127400477009166,0.6,313
11395,engineering,D,G,1.0,0.9071049960677185,0.0,367
11396,engineering,B,B,0.7,0.60876409992297,0.7,417
11397,engineering,B,B,0.8,0.7308093139724621,0.8,205
11398,engineering,B,C,0.98,0.8067783782507909,0.4,304
11399,engineering,G,,0.7,0.8118432190752464,0.0,201
11400,engineering,B,B,0.85,0.7179554070815282,0.7,148
11401,engineering,D,F,,0.8480114083805554,,490
11402,engineering,C,C,0.95,0.8836156451196004,0.95,317
11403,engineering,C,C,1.0,0.8865005095310019,1.0,76
11404,engineering,E,D,1.0,0.867031853210783,0.8,231
11405,engineering,F,D,0.8,0.7128500953458905,0.4,438
11406,engineering,E,B,0.9,0.8660941133724054,0.4,117
11407,engineering,I,C,0.9,0.8458006697948879,0.9,382
11408,engineering,G,I,0.9,0.6797125937680359,0.0,127
11409,engineering,C,F,0.8,0.8214032870896958,0.2,163
11410,engineering,D,,0.05,0.7939958468424811,0.05,928
11411,engineering,D,I,0.99,0.8410536968906632,0.0,445
11412,engineering,E,H,1.0,0.8271253922071597,0.0,275
11413,engineering,B,H,0.8,0.6737949915022388,0.7,391
11414,engineering,A,C,0.95,0.813581311474569,0.95,131
11415,engineering,H,G,0.9,0.8733455107514809,0.9,324
11416,engineering,F,D,0.95,0.8256531500853008,0.8,141
11417,engineering,H,B,1.0,0.8562640449605493,0.9,95
11418,engineering,E,H,0.7,0.7729401327685541,0.7,78
11419,engineering,G,E,0.75,0.7486131345930429,0.8,346
11420,engineering,C,E,1.0,0.8463986691909628,1.0,65
11421,engineering,F,B,1.0,0.810502724884648,0.7,690
11422,engineering,F,D,0.8,0.7412038260990433,0.8,393
11423,engineering,J,J,1.0,0.7913083316054392,0.95,111
11424,engineering,H,H,1.0,0.8322151629548812,0.8,127
11425,engineering,D,D,0.85,0.7295807872384723,0.85,69
11426,engineering,I,J,1.0,0.895657425563327,0.0,58
11427,engineering,I,B,0.0,0.867029331583814,0.95,66
11428,engineering,F,A,0.9,0.7589222108999879,0.9,280
11429,engineering,D,C,0.9,0.746898288666336,0.9,99
11430,engineering,F,F,0.9,0.760665236070436,0.7,267
11431,engineering,I,B,1.0,0.9260622943061623,0.9,328
11432,engineering,F,B,0.9,0.7923752105212059,0.9,194
11433,engineering,E,B,0.9,0.7064774014171427,0.9,96
11434,engineering,C,B,0.95,0.8072455378256119,0.9,81
11435,engineering,H,F,0.9,0.7899790801437842,45.45,82
11436,engineering,J,D,0.9,0.765665006361287,0.7,101
11437,engineering,E,E,0.0,0.8385344927174183,0.0,1006
11438,engineering,B,B,1.0,0.8734393800584774,1.0,209
11439,engineering,D,B,0.9,0.7947314405177246,0.0,119
11440,engineering,F,B,0.95,0.8517285163509793,0.95,178
11441,engineering,A,B,0.7,0.7295292788801674,0.7,125
11442,engineering,B,H,0.95,0.8559944533088191,0.8,71
11443,engineering,J,G,0.95,0.8589146013931627,0.0,287
11444,engineering,A,C,0.85,0.8236866506808925,0.85,205
11445,engineering,I,I,0.5,0.7639228216381235,0.4,372
11446,engineering,J,C,0.95,0.7928332839432128,0.0,118
11447,engineering,E,B,0.98,0.807233457497792,0.95,121
11448,engineering,C,C,0.85,0.8617969996279499,0.95,251
11449,engineering,B,B,0.95,0.8742337275998945,0.95,180
11450,engineering,J,C,0.98,0.8188625249972686,0.98,264
11451,engineering,B,B,0.9,0.8426444668809625,0.9,181
11452,engineering,J,C,0.98,0.8562263391492595,0.98,417
11453,engineering,G,D,0.95,0.8511697200831743,0.8,134
11454,engineering,C,I,0.9,0.7937707341237951,45.45,270
11455,engineering,D,H,0.9,0.7653601228433232,0.4,330
11456,engineering,G,,0.5,0.76956369313793,0.0,229
11457,engineering,F,B,0.0,0.7099183248730737,0.0,424
11458,engineering,I,B,0.85,0.7102704215992537,0.85,126
11459,engineering,G,C,0.99,0.6545938355627063,0.8,428
11460,engineering,C,C,0.95,0.7517939745774818,0.95,320
11461,engineering,A,D,0.95,0.9020104812115816,0.95,177
11462,engineering,J,J,0.95,0.6817079469258179,0.95,347
11463,engineering,E,A,0.9,0.8380794271970965,1.0,99
11464,engineering,C,B,0.93,0.6813196675037074,0.95,690
11465,engineering,B,A,1.0,0.8213322051552429,0.0,226
11466,engineering,H,B,0.9,0.8323080119593147,0.8,110
11467,engineering,G,G,0.93,0.9100137452479823,0.8,489
11468,engineering,D,A,0.85,0.7170630126872554,0.85,191
11469,engineering,C,D,1.0,0.940315125083898,1.0,208
11470,engineering,E,G,1.0,0.865200988913441,0.0,487
11471,engineering,C,A,0.95,0.7526055607101061,0.95,129
11472,engineering,H,D,0.95,0.7964223240341334,0.95,249
11473,engineering,C,C,0.95,0.901938311824707,0.95,209
11474,engineering,I,E,0.8,0.8871858262288828,0.4,432
11475,engineering,F,B,0.9,0.7655225639201026,0.9,186
11476,engineering,B,G,0.95,0.8341089088424025,0.0,201
11477,engineering,G,B,0.95,0.8334901595614289,1.0,51
11478,engineering,I,C,0.95,0.8796352263026939,0.0,125
11479,engineering,D,H,0.9,0.8149038492215571,0.9,65
11480,engineering,G,,,0.7080214044753181,,1379
11481,engineering,F,B,0.9,0.7864664509085989,1.0,210
11482,engineering,A,A,1.0,0.7996037124504797,1.0,84
11483,engineering,J,C,1.0,0.844913690457634,1.0,76
11484,engineering,A,A,0.95,0.8545623549435764,0.95,183
11485,engineering,A,D,0.9,0.7675120548899251,0.8,254
11486,engineering,H,F,0.9,0.8250358394010348,0.9,235
11487,engineering,C,C,0.9,0.8149328853257892,0.9,253
11488,engineering,E,E,0.9,0.9235577534686656,0.9,636
11489,engineering,H,I,1.0,0.7579712346471463,0.9,198
11490,engineering,J,D,0.95,0.812380589954855,0.95,268
11491,engineering,G,E,0.8,0.7342137781250551,0.9,377
11492,engineering,D,B,0.9,0.8666166446369716,0.7,139
11493,engineering,F,D,0.95,0.8573311682977502,0.95,60
11494,engineering,I,J,1.0,0.8712192128807686,0.8,269
11495,engineering,G,D,0.3,0.8246136944435127,0.3,128
11496,engineering,E,D,0.75,0.712827914103393,0.75,117
11497,engineering,F,B,0.85,0.8186381718002397,0.85,162
11498,engineering,F,E,0.0,0.8382413361457308,0.0,326
11499,engineering,J,F,0.92,0.8353567803404026,0.4,488
11500,engineering,B,E,0.98,0.7062180905449369,0.8,462
11501,engineering,H,,0.25,0.8501823495391384,0.25,682
11502,engineering,F,C,0.95,0.8203996915848324,0.0,66
11503,engineering,B,E,0.99,0.8844384083427744,0.0,122
11504,engineering,G,I,0.1,0.659780485403067,0.0,225
11505,engineering,H,D,1.0,0.8936828790142868,1.0,83
11506,engineering,D,E,0.95,0.8650751917386462,0.9,200
11507,engineering,E,G,0.7,0.7479088425878344,0.7,126
11508,engineering,J,C,0.0,0.8496302872892264,0.0,171
11509,engineering,B,J,1.0,0.7837337008751546,0.9,234
11510,engineering,A,F,0.95,0.9078037729525311,0.0,110
11511,engineering,A,A,0.9,0.7801406473042345,0.9,73
11512,engineering,A,G,0.9,0.8485067995529784,0.9,57
11513,engineering,D,D,1.0,0.8574503189479372,1.0,54
11514,engineering,H,D,0.95,0.7634078848253804,0.7,50
11515,engineering,I,G,0.95,0.7371228673250112,0.95,133
11516,engineering,D,G,0.9,0.8071176174675097,0.0,100
11517,engineering,B,B,0.9,0.7154318189398318,0.9,110
11518,engineering,C,C,0.95,0.850288825022067,0.95,94
11519,engineering,C,D,0.9,0.8556862355368986,0.9,130
11520,engineering,I,I,0.0,0.7225024071848006,0.0,94
11521,engineering,E,A,1.0,0.8519554438771365,0.8,118
11522,engineering,J,F,0.95,0.7554795095070843,0.8,255
11523,engineering,D,E,0.95,0.8150115427327725,0.95,184
11524,engineering,A,B,1.0,0.7666102132418123,0.6,166
11525,engineering,H,H,0.9,0.8221252999784089,1.0,436
11526,engineering,H,B,0.9,0.8563032001525956,1.0,166
11527,engineering,D,C,0.9,0.7161856136135095,0.6,343
11528,engineering,B,B,0.7,0.8775999148425676,0.6,326
11529,engineering,B,B,0.85,0.850733173884484,0.4,130
11530,engineering,I,B,0.9,0.7894766457853593,0.9,119
11531,engineering,H,,0.85,0.6637566244868351,0.85,181
11532,engineering,D,D,0.92,0.8093778174809267,0.92,78
11533,engineering,I,F,0.6,0.8578993403880587,0.4,662
11534,engineering,D,B,0.9,0.7341708060246152,0.9,274
11535,engineering,D,J,0.7,0.7921470461084815,0.7,298
11536,engineering,G,,0.0,0.8059411104955282,0.6,470
11537,engineering,I,I,0.85,0.7504916808201062,0.85,157
11538,engineering,G,B,1.0,0.8708745966340186,0.2,67
11539,engineering,H,,0.8,0.8024216165943183,,1614
11540,engineering,G,H,1.0,0.9360077538376925,1.0,224
11541,engineering,H,,0.0,0.8050184731525747,0.0,554
11542,engineering,D,I,0.96,0.8988955138838819,0.0,412
11543,engineering,G,,0.95,0.7452322085030347,0.95,200
11544,engineering,H,B,0.9,0.8742642534934489,0.9,74
11545,engineering,F,E,0.72,0.8336340019855089,1.0,286
11546,engineering,D,D,1.0,0.830477810146153,0.95,373
11547,engineering,F,B,0.85,0.8430915638481016,0.7,79
11548,engineering,H,E,0.92,0.7023351544779797,0.9,323
11549,engineering,H,H,0.95,0.7754657849554633,0.95,46
11550,engineering,J,B,0.92,0.8172587737246985,0.95,334
11551,engineering,B,B,0.95,0.7264402083421636,0.95,335
11552,engineering,G,C,0.9,0.7569405261978399,0.9,117
11553,engineering,H,A,0.64,0.7493339640333023,0.2,369
11554,engineering,A,,1.0,0.800761821815863,0.0,257
11555,engineering,F,F,0.95,0.8430053030243969,0.95,227
11556,engineering,G,C,1.0,0.852907293987347,0.9,98
11557,engineering,C,B,0.95,0.8131031568727637,0.4,317
11558,engineering,B,A,1.0,0.8815796456403643,1.0,224
11559,engineering,A,B,1.0,0.9233962536480714,0.9,431
11560,engineering,I,B,1.0,0.8848801586022607,0.0,227
11561,engineering,D,C,0.84,0.8733481138096518,0.8,343
11562,engineering,C,C,0.85,0.778586749773252,0.85,90
11563,engineering,C,J,0.8,0.8543875843615741,0.4,528
11564,engineering,C,A,0.95,0.7437930792528151,0.95,143
11565,engineering,C,E,0.7,0.8172560766228169,0.5,147
11566,engineering,J,A,0.75,0.8384156656807099,0.6,465
11567,engineering,E,B,0.9,0.8232679300595095,1.0,124
11568,engineering,C,B,0.9,0.8243743719094239,0.4,210
11569,engineering,H,I,0.0,0.7485890765139966,0.5,132
11570,engineering,F,B,0.65,0.6460554750914788,0.65,404
11571,engineering,C,B,1.0,0.8547673184644969,0.0,81
11572,engineering,G,G,0.95,0.8190974819513605,0.95,164
11573,engineering,G,I,1.0,0.850967749954745,1.0,325
11574,engineering,D,D,0.98,0.904079885788002,0.98,471
11575,engineering,J,B,0.9,0.7560552599508041,0.8,98
11576,engineering,I,C,0.9,0.8595339114794925,0.6666666666666666,156
11577,engineering,A,G,0.9,0.8315298034789572,0.9,245
11578,engineering,I,E,0.9,0.855538879043075,0.6,363
11579,engineering,G,J,0.5,0.8208722820256855,0.5,194
11580,engineering,H,H,0.95,0.9177581524745104,0.95,85
11581,engineering,J,C,0.95,0.7498369635117528,0.8,104
11582,engineering,F,F,0.95,0.8673009834933086,0.95,565
11583,engineering,C,C,0.85,0.8693565119764682,0.4,533
11584,engineering,F,D,0.9,0.7757593293299642,0.6,287
11585,engineering,E,E,0.9,0.8434710418251802,0.9,236
11586,engineering,I,H,0.82,0.8387964533978113,0.4,264
11587,engineering,I,I,0.9,0.8204745631038389,0.9,83
11588,engineering,J,C,0.95,0.7989057908685723,0.7,63
11589,engineering,B,B,1.0,0.8677816280126707,1.0,106
11590,engineering,I,B,0.95,0.9030558444275302,0.95,358
11591,engineering,I,E,0.9,0.8464024418980677,0.9,109
11592,engineering,I,B,0.6,0.759979922420405,0.6,153
11593,engineering,H,B,0.9,0.7760378097443785,0.7,168
11594,engineering,F,F,0.88,0.779667640951372,0.88,456
11595,engineering,A,I,0.7,0.7430697032195585,0.7,60
11596,engineering,H,D,0.98,0.9080928391483843,0.0,252
11597,engineering,B,E,0.95,0.7740555454351395,0.95,317
11598,engineering,F,F,1.0,0.9260549894192485,1.0,110
11599,engineering,D,C,0.4,0.756420498440458,0.0,191
11600,engineering,A,A,0.99,0.746803277437067,0.99,187
11601,engineering,B,H,0.9,0.7666821068788175,0.9,135
11602,engineering,H,E,0.9,0.817971588437109,0.0,186
11603,engineering,D,E,0.9,0.6665885350617089,0.9,292
11604,engineering,J,C,0.9,0.7863763272326796,0.9,203
11605,engineering,A,H,0.12,0.7122805977239589,0.12,440
11606,engineering,H,D,0.85,0.9103161304942683,0.4,400
11607,engineering,J,D,0.9,0.7764800241326536,0.8,156
11608,engineering,A,J,0.5,0.7643603796896136,0.7,196
11609,engineering,J,D,0.85,0.6734080713363851,0.85,246
11610,engineering,E,E,0.95,0.7863770264708826,0.95,182
11611,engineering,I,D,0.9,0.860805755965624,0.9,172
11612,engineering,C,,0.9,0.8656356459532775,0.9,433
11613,engineering,B,A,1.0,0.7811673823094345,0.8,140
11614,engineering,I,F,0.9,0.7827815815343204,0.7,91
11615,engineering,B,F,0.9,0.7953224376841084,0.9,214
11616,engineering,I,B,0.98,0.8291531597075222,0.8,248
11617,engineering,E,G,0.99,0.789220747539639,0.9,239
11618,engineering,F,A,1.0,0.8128991041883604,0.0,106
11619,engineering,I,E,0.8,0.7776938142731576,0.8,659
11620,engineering,A,B,1.0,0.8327851980379563,0.3,268
11621,engineering,I,I,1.0,0.9307441144152052,1.0,70
11622,engineering,G,J,0.2,0.8639497692456355,0.2,553
11623,engineering,J,D,0.6,0.8622030699705342,0.4,588
11624,engineering,C,A,1.0,0.8684215486316507,0.95,235
11625,engineering,B,E,0.85,0.8581474401621899,0.2,594
11626,engineering,D,,1.0,0.844431741903695,0.75,215
11627,engineering,G,B,0.98,0.8861343836699326,0.98,195
11628,engineering,H,B,1.0,0.7815497136091919,0.0,179
11629,engineering,F,E,0.9,0.7960530544518207,0.9,240
11630,engineering,D,B,1.0,0.8508782596637781,1.0,263
11631,engineering,E,B,0.95,0.822561480422084,0.0,107
11632,engineering,I,C,0.6,0.7244098640862046,0.4,420
11633,engineering,B,C,0.9,0.8285361981458634,1.0,186
11634,engineering,F,B,0.95,0.838170099977495,0.9,115
11635,engineering,C,D,0.9,0.8054797352808605,0.9,226
11636,engineering,I,J,0.2,0.7409240209283839,0.2,628
11637,engineering,H,E,0.3,0.777827535052673,0.3,405
11638,engineering,C,B,0.95,0.7748856568750804,0.95,207
11639,engineering,H,H,1.0,0.9375165085138766,1.0,79
11640,engineering,I,D,0.6,0.7226352944820578,0.6,253
11641,engineering,E,D,0.85,0.8315863813394122,0.85,551
11642,engineering,B,A,0.95,0.8294859668223844,0.0,107
11643,engineering,G,C,0.95,0.8705641350342125,0.95,122
11644,engineering,E,,0.0,0.9197414543147283,0.0,544
11645,engineering,C,H,0.3,0.6728214603438734,0.3,147
11646,engineering,I,J,0.85,0.8649441655830307,0.4,306
11647,engineering,H,E,0.95,0.7575599317817688,0.7,475
11648,engineering,E,E,1.0,0.7757165046687732,0.95,87
11649,engineering,D,C,0.95,0.8501707955987754,0.0,63
11650,engineering,I,B,0.0,0.6841934698417291,0.95,324
11651,engineering,I,A,0.9,0.9248879661041247,0.9,368
11652,engineering,D,J,0.7,0.8472525853105715,0.7,781
11653,engineering,E,A,0.95,0.8305577267182052,0.95,257
11654,engineering,G,,0.0,0.8220525294815517,0.0,244
11655,engineering,J,H,0.95,0.8975932986017703,0.0,329
11656,engineering,J,E,,0.8565947961605136,,685
11657,engineering,A,B,0.8,0.7125661896849408,0.8,605
11658,engineering,F,F,0.7,0.7879393848697721,0.2,163
11659,engineering,G,A,0.5,0.8034266739075429,0.0,332
11660,engineering,D,I,0.9,0.7124250029232758,0.8,146
11661,engineering,E,A,0.95,0.8706899758151831,0.95,140
11662,engineering,J,C,1.0,0.8935122800268979,0.4,197
11663,engineering,C,I,0.9,0.7507387756652817,0.9,96
11664,engineering,E,E,0.9,0.7573876472730062,0.9,85
11665,engineering,F,F,1.0,0.9225295569366334,1.0,68
11666,engineering,B,E,0.8,0.7717801610208477,0.0,63
11667,engineering,A,J,0.95,0.7012273444353274,0.7,67
11668,engineering,B,B,1.0,0.8712151814190968,1.0,48
11669,engineering,D,C,0.95,0.8261294838433659,0.95,131
11670,engineering,F,D,0.95,0.7762632076358481,0.95,183
11671,engineering,E,E,0.95,0.8401837766746273,0.95,183
11672,engineering,H,G,0.85,0.7339047812045425,0.85,908
11673,engineering,B,B,0.9,0.776147822984577,0.9,114
11674,engineering,B,A,0.9,0.8389649955198732,0.0,286
11675,engineering,F,A,0.85,0.7634811310601279,0.85,74
11676,engineering,G,I,0.95,0.79842159936426,0.0,118
11677,engineering,F,B,0.8,0.9239831864991157,0.8,593
11678,engineering,F,J,0.2,0.7143641845899736,0.2,91
11679,engineering,E,C,0.6,0.7206683882224328,0.2,383
11680,engineering,C,B,0.8,0.788286676843784,0.9,221
11681,engineering,G,D,0.35,0.8033985672219438,0.6,259
11682,engineering,I,E,0.1,0.8324870582548374,0.6,183
11683,engineering,H,H,0.95,0.9445236536891746,0.95,158
11684,engineering,A,,0.0,0.802895438931898,0.0,166
11685,engineering,B,,0.0,0.7214420413579821,0.0,125
11686,engineering,G,I,0.68,0.8328895506098044,0.0,293
11687,engineering,I,B,0.97,0.8910820663157655,0.97,66
11688,engineering,F,D,0.7,0.7315729994499581,0.6,604
11689,engineering,I,I,0.4,0.6182963396314693,0.6,306
11690,engineering,E,H,0.99,0.6581941059235317,0.0,117
11691,engineering,D,D,0.9,0.8377481805587471,0.4,109
11692,engineering,I,,0.75,0.8159060190576524,0.7,211
11693,engineering,B,G,0.0,0.6557435584837783,0.0,886
11694,engineering,C,J,1.0,0.7757202161265097,0.0,245
11695,engineering,I,I,1.0,0.8892804354177966,0.7,311
11696,engineering,I,J,0.92,0.5769189281420445,0.92,240
11697,engineering,E,G,0.95,0.8760262362806391,0.95,354
11698,engineering,A,A,0.95,0.8876658939259509,0.95,333
11699,engineering,I,I,0.95,0.8106766447462803,1.0,160
11700,engineering,H,G,0.85,0.7585808364015324,0.85,214
11701,engineering,D,E,0.35,0.7699324724129455,0.35,862
11702,engineering,A,A,1.0,0.8839560973892537,1.0,91
11703,engineering,G,,0.85,0.8425397422924089,0.4,217
11704,engineering,D,D,1.0,0.8871881953421489,0.0,146
11705,engineering,I,B,0.95,0.8384651524380284,0.95,305
11706,engineering,I,E,0.25,0.8648236311276666,,1145
11707,engineering,H,H,0.95,0.9051439421976317,0.0,111
11708,engineering,I,F,0.9,0.8022605756377238,0.8,392
11709,engineering,D,D,1.0,0.8170024359936653,1.0,173
11710,engineering,G,G,0.9,0.850724175934203,0.7,285
11711,engineering,J,I,1.0,0.7857325770698372,0.6,364
11712,engineering,I,I,0.95,0.7435300259234445,0.95,115
11713,engineering,E,B,0.95,0.923327211340088,47.975,174
11714,engineering,H,H,1.0,0.8604166860186616,1.0,162
11715,engineering,E,D,1.0,0.7752148222635179,0.9,167
11716,engineering,E,J,0.25,0.8199319730179779,0.0,103
11717,engineering,B,D,0.85,0.8918207166333598,0.7,802
11718,engineering,I,G,0.9,0.8060328936147948,1.0,252
11719,engineering,B,C,0.0,0.7194516930773183,0.0,85
11720,engineering,C,E,0.2,0.7041352714137056,0.4,548
11721,engineering,F,B,0.9,0.7406364087396627,0.0,115
11722,engineering,D,J,0.9,0.7838732864944329,0.9,132
11723,engineering,J,B,0.9,0.7195731466383044,0.9,199
11724,engineering,I,G,0.9,0.7865751358509514,0.9,95
11725,engineering,D,E,0.85,0.7549765199515688,0.6,150
11726,engineering,C,J,0.98,0.8336765979571896,0.9,658
11727,engineering,D,,0.9,0.7563856781877916,0.8,530
11728,engineering,F,B,0.85,0.6444147293053356,0.85,111
11729,engineering,J,,0.85,0.8592484368769725,1.0,175
11730,engineering,I,G,0.6,0.8414408328858938,0.6,260
11731,engineering,D,B,0.4,0.7847842098360321,0.4,283
11732,engineering,I,C,0.95,0.8812933717904673,0.95,207
11733,engineering,B,A,1.0,0.8370142252427701,1.0,211
11734,engineering,D,H,0.95,0.8152434277290942,0.0,191
11735,engineering,I,I,0.95,0.79393040675737,0.95,112
11736,engineering,C,C,0.95,0.8156540594826914,0.95,273
11737,engineering,C,B,0.95,0.8070031628081582,0.4,134
11738,engineering,J,I,0.95,0.797032245775678,0.8,139
11739,engineering,H,H,0.9,0.8725941354269389,0.9,103
11740,engineering,B,D,0.8,0.8262809195686109,0.0,64
11741,engineering,H,C,0.95,0.7954054559106919,0.95,94
11742,engineering,B,G,0.9,0.780996423858814,0.8,151
11743,engineering,B,B,0.9,0.867221892352214,0.9,93
11744,engineering,G,J,0.95,0.6971827338216694,0.4,111
11745,engineering,I,E,0.9,0.7198865642862713,0.7,150
11746,engineering,F,B,0.95,0.804506415451807,0.7,51
11747,engineering,A,C,0.9,0.8270756908740313,0.7,206
11748,engineering,D,I,0.95,0.757777460088587,0.95,174
11749,engineering,E,C,0.5,0.7548048115481177,0.7,508
11750,engineering,E,H,0.2,0.7540007862963102,0.2,209
11751,engineering,B,H,0.0,0.6892679321881211,0.4,902
11752,engineering,B,I,0.95,0.7924927913229155,0.0,60
11753,engineering,C,B,0.95,0.8101669031085118,0.95,147
11754,engineering,E,E,0.7,0.7177500050370736,0.9,66
11755,engineering,H,D,0.5,0.8057340223516767,0.4,503
11756,engineering,B,B,0.99,0.8619017303325918,0.99,235
11757,engineering,G,I,0.95,0.9144815659664212,0.5833333333333334,62
11758,engineering,B,A,0.95,0.6782031554437191,0.95,123
11759,engineering,C,C,0.9,0.8857402792500368,1.0,205
11760,engineering,A,I,0.9,0.8140967645734168,0.9,146
11761,engineering,A,A,0.2,0.7631486345388603,0.2,544
11762,engineering,F,,0.0,0.7981120819065334,0.0,198
11763,engineering,A,G,0.8,0.7273574645302491,0.8,248
11764,engineering,B,D,0.9,0.8752875881049405,0.9,267
11765,engineering,G,I,0.9,0.856390294549731,0.9,220
11766,engineering,C,D,1.0,0.8422121690089289,0.0,154
11767,engineering,A,E,0.95,0.8257349589393956,0.0,177
11768,engineering,I,B,0.65,0.7890914494526086,0.4,235
11769,engineering,A,E,0.8,0.7731102095268595,0.8,375
11770,engineering,G,A,0.95,0.7216513437176096,0.8,185
11771,engineering,A,B,0.95,0.8935239623609568,0.8,228
11772,engineering,E,I,0.7,0.7529878389680864,0.7,278
11773,engineering,B,A,0.95,0.876530864212346,1.0,74
11774,engineering,F,F,0.95,0.8498141541526532,0.95,145
11775,engineering,G,J,0.9,0.8243979074475541,0.0,81
11776,engineering,C,C,0.95,0.7987797953475632,0.8,261
11777,engineering,D,I,0.98,0.7956967361177668,0.98,199
11778,engineering,E,I,0.0,0.8003760492444937,0.0,266
11779,engineering,I,A,0.6,0.7150272815518687,0.6,331
11780,engineering,H,H,0.8,0.8493565189252785,0.6,192
11781,engineering,B,B,0.95,0.8595968929046134,0.95,191
11782,engineering,G,E,0.9,0.7819172808988913,0.8,149
11783,engineering,B,C,0.95,0.9003360050961452,0.95,92
11784,engineering,B,I,1.0,0.8218179895253268,0.0,279
11785,engineering,C,D,1.0,0.8802920166480097,1.0,117
11786,engineering,D,B,0.95,0.8985289764176959,0.6,130
11787,engineering,F,E,0.95,0.8172769183221666,0.2,288
11788,engineering,B,A,0.95,0.8323617846079552,0.95,606
11789,engineering,G,A,0.95,0.8235761896405219,0.0,186
11790,engineering,F,F,0.8,0.6995106695828636,0.8,336
11791,engineering,F,B,0.5,0.741539484117821,0.5,234
11792,engineering,A,B,1.0,0.8896564829157192,1.0,219
11793,engineering,D,D,0.9,0.810985238482969,0.6,502
11794,engineering,D,A,0.95,0.7925905935909197,0.95,68
11795,engineering,A,C,0.3,0.6543879122507164,0.0,73
11796,engineering,J,J,0.9,0.792082357293992,0.8,129
11797,engineering,E,J,0.2,0.7283565356619578,0.2,109
11798,engineering,D,C,0.85,0.7457492775420337,0.0,477
11799,engineering,B,B,0.92,0.8563861994626368,0.92,245
11800,engineering,F,G,0.9,0.7833197177749796,0.9,121
11801,engineering,J,I,0.0,0.6779892462909382,0.0,78
11802,engineering,E,A,1.0,0.9284070867884037,1.0,69
11803,engineering,I,D,1.0,0.7904480001164937,1.0,247
11804,engineering,B,B,0.9,0.7447841803585834,0.8,365
11805,engineering,B,B,0.9,0.7962797449044633,0.9,151
11806,engineering,C,C,0.85,0.7402744339989294,0.85,72
11807,engineering,H,E,0.85,0.6275923600599648,0.85,171
11808,engineering,H,H,1.0,0.913352952611268,1.0,387
11809,engineering,J,B,0.65,0.8229371239791436,0.0,202
11810,engineering,D,B,0.95,0.8385173453432446,0.95,171
11811,engineering,H,B,0.85,0.7917226175259777,0.85,143
11812,engineering,D,E,1.0,0.8386641085696189,0.9,258
11813,engineering,A,I,0.7,0.7559024357914562,0.5,132
11814,engineering,G,G,0.8,0.7513788359391634,0.8,99
11815,engineering,H,H,0.7,0.7649484465596985,0.7,107
11816,engineering,H,B,0.95,0.841446309148499,0.95,200
11817,engineering,H,,0.9,0.8220377304022475,0.7,231
11818,engineering,D,E,0.25,0.8279516824671679,0.5,292
11819,engineering,D,G,0.8,0.8572498905899736,0.8,697
11820,engineering,J,E,0.92,0.8246611688172042,0.9,141
11821,engineering,A,H,1.0,0.7452236460088391,0.0,143
11822,engineering,I,D,0.95,0.8731132578810344,0.95,57
11823,engineering,J,A,0.9,0.8499748052230158,0.0,100
11824,engineering,G,E,1.0,0.795238026835329,1.0,90
11825,engineering,J,E,0.95,0.7601819427375194,0.7,231
11826,engineering,H,D,0.95,0.8624397245782894,0.95,69
11827,engineering,B,D,0.85,0.7635277285227565,0.4,73
11828,engineering,F,G,0.85,0.7084197045181376,0.85,203
11829,engineering,A,J,1.0,0.7981577394628713,0.0,602
11830,engineering,D,D,0.95,0.8820866904763807,0.95,61
11831,engineering,D,C,0.85,0.6883687915864919,0.85,102
11832,engineering,D,H,0.75,0.7758416957038898,0.9,219
11833,engineering,F,D,1.0,0.8315784534061976,0.0,194
11834,engineering,A,,0.5,0.7670097745992213,0.0,132
11835,engineering,A,A,0.9,0.7536638289633739,1.0,104
11836,engineering,A,I,0.9,0.7883114968951962,0.0,206
11837,engineering,H,B,0.99,0.8863886217957115,0.8,266
11838,engineering,B,C,0.1,0.7947654377534242,1.0,588
11839,engineering,B,,0.65,0.8543343980012793,0.0,146
11840,engineering,H,H,0.97,0.7862678621915031,0.9,67
11841,engineering,G,I,0.7,0.7860322270769726,0.0,383
11842,engineering,E,C,0.9,0.7664413546089401,0.9,139
11843,engineering,D,C,0.95,0.884787506830086,0.95,434
11844,engineering,H,J,0.75,0.7472625074205924,0.6,524
11845,engineering,D,,0.9,0.806322432439349,0.6,267
11846,engineering,J,J,0.9,0.9301243808245692,1.0,378
11847,engineering,G,J,0.75,0.7146693792007129,0.8,65
11848,engineering,H,J,0.75,0.7116580199998722,0.8,65
11849,engineering,B,C,0.95,0.8703290800924032,0.0,185
11850,engineering,H,C,1.0,0.8273428966670929,0.85,593
11851,engineering,J,C,0.95,0.7445773815145383,0.95,267
11852,engineering,I,I,0.95,0.8621040851726667,0.95,194
11853,engineering,F,F,0.95,0.8541524777083239,1.0,204
11854,engineering,B,B,0.95,0.783531343801107,0.8,324
11855,engineering,B,E,0.7,0.8773919425418336,0.7,269
11856,engineering,D,D,0.6,0.8081698988879348,0.6,230
11857,engineering,D,A,1.0,0.8883529815532774,1.0,208
11858,engineering,G,J,0.02,0.8224274722360811,0.02,882
11859,engineering,D,D,1.0,0.8720747847492858,1.0,169
11860,engineering,F,A,0.0,0.7480477693805965,0.0,297
11861,engineering,H,J,1.0,0.9130675610301618,1.0,88
11862,engineering,D,I,0.25,0.6956966612881242,0.4,116
11863,engineering,C,J,0.6,0.8018347422164689,0.7,237
11864,engineering,A,D,0.85,0.8207622282467628,0.85,446
11865,engineering,E,C,1.0,0.7747278781905427,0.9,158
11866,engineering,A,C,0.95,0.697646949548416,0.8,237
11867,engineering,C,B,0.8,0.6530754027626828,0.8,216
11868,engineering,E,D,0.9,0.8950699281160145,0.9,170
11869,engineering,J,B,0.75,0.8004944345840732,0.75,176
11870,engineering,I,H,0.95,0.7536063467492367,0.95,219
11871,engineering,B,F,0.9,0.7881902001782619,0.9,162
11872,engineering,A,C,0.65,0.6842792266231332,0.0,114
11873,engineering,J,D,0.85,0.6784642745725693,0.85,199
11874,engineering,A,E,0.95,0.798114244652155,0.4,198
11875,engineering,I,C,0.9,0.6938385020645282,0.0,211
11876,engineering,G,F,0.85,0.8152869895037613,0.85,484
11877,engineering,C,B,0.9,0.7457500498704338,0.4,324
11878,engineering,D,A,0.8,0.7408025713547706,0.8,93
11879,engineering,E,,0.65,0.8221161693198155,0.3,239
11880,engineering,E,J,0.0,0.7848701788135555,0.5,564
11881,engineering,E,A,0.95,0.7934217511035728,0.0,140
11882,engineering,G,G,0.5,0.6850084789608364,0.4,203
11883,engineering,B,C,0.0,0.6943279774679811,0.0,67
11884,engineering,B,B,0.9,0.8312963240475182,0.9,160
11885,engineering,F,A,1.0,0.8254774438629472,1.0,222
11886,engineering,E,G,0.88,0.847315573231347,0.4,314
11887,engineering,I,J,,0.9418550848154079,,329
11888,engineering,G,H,0.87,0.6591335950952593,0.85,65
11889,engineering,F,F,0.95,0.7681175941343772,0.95,189
11890,engineering,B,A,0.6,0.8365439830261016,0.6,540
11891,engineering,F,F,0.98,0.7629686866947395,0.98,209
11892,engineering,H,D,0.95,0.7393836437219883,0.8,178
11893,engineering,A,D,0.9,0.7225133103323568,0.9,187
11894,engineering,F,I,1.0,0.857890434152078,0.0,218
11895,engineering,E,B,0.9,0.783939772183054,0.6,607
11896,engineering,I,H,0.8,0.735300972479015,0.8,128
11897,engineering,A,C,0.9,0.6669758726583831,0.9,100
11898,engineering,H,G,1.0,0.8830065205684067,0.0,70
11899,engineering,D,D,0.8,0.733989288238993,0.7,220
11900,engineering,E,E,1.0,0.8259013931784105,1.0,47
11901,engineering,J,B,0.92,0.7253091781417438,0.92,75
11902,engineering,A,A,1.0,0.901201593015227,1.0,78
11903,engineering,H,H,1.0,0.9258345037345297,1.0,141
11904,engineering,I,J,0.95,0.7645334345014076,0.95,90
11905,engineering,C,C,0.95,0.8030239713287751,0.95,111
11906,engineering,I,F,1.0,0.8091881903579405,0.9,249
11907,engineering,G,I,0.0,0.6776723755021115,0.0,104
11908,engineering,B,H,0.99,0.832337782387118,0.9,213
11909,engineering,C,G,0.4,0.6207788762030609,0.6,163
11910,engineering,I,I,0.8,0.7398483898315174,0.8,224
11911,engineering,G,B,0.9,0.8579441846362181,0.9,131
11912,engineering,J,J,0.9,0.7876213310914809,0.8,284
11913,engineering,I,A,0.9,0.8637635883873511,0.9,213
11914,engineering,D,D,0.9,0.7262755232744141,0.8,554
11915,engineering,E,E,0.99,0.8731818376690383,0.99,45
11916,engineering,G,C,0.9,0.724329545434338,0.9,387
11917,engineering,G,D,0.85,0.8514211352934181,0.7,373
11918,engineering,H,E,0.5,0.5860512207426266,0.5,94
11919,engineering,I,A,0.98,0.7647795284301773,0.98,404
11920,engineering,A,A,1.0,0.8864148567876395,1.0,336
11921,engineering,B,B,0.7,0.7647262143832988,0.6,118
11922,engineering,I,J,0.85,0.7544712335387805,0.85,121
11923,engineering,C,E,0.1,0.8751754799536258,0.0,382
11924,engineering,E,E,1.0,0.9294159461736038,0.8,268
11925,engineering,F,E,0.9,0.7444455288805243,0.9,178
11926,engineering,H,G,1.0,0.7697950595128478,0.9,229
11927,engineering,F,A,0.95,0.7309089279825819,0.0,109
11928,engineering,B,I,0.85,0.8232774395443015,0.6,475
11929,engineering,E,A,1.0,0.7666086939775338,0.0,296
11930,engineering,I,D,0.9,0.8151535760661303,0.7,326
11931,engineering,I,,0.98,0.8580831916185794,0.0,359
11932,engineering,J,,0.93,0.7873125130816256,0.0,307
11933,engineering,F,,0.85,0.8371548292781876,0.0,262
11934,engineering,C,E,0.9,0.801535215244472,0.8,217
11935,engineering,C,B,1.0,0.8246655376264198,0.4,236
11936,engineering,J,A,0.5,0.692614607692011,0.5,440
11937,engineering,J,F,0.99,0.8673109492252157,0.33,153
11938,engineering,D,A,1.0,0.8451417665357992,0.0,139
11939,engineering,A,F,0.9,0.8859263688379075,0.0,655
11940,engineering,D,B,0.85,0.7333305485943176,0.85,54
11941,engineering,C,A,0.5,0.7986250351520607,0.0,503
11942,engineering,G,A,0.95,0.7183159471122267,0.95,324
11943,engineering,A,A,0.9,0.8851156637128008,0.9,92
11944,engineering,A,,1.0,0.8230028469874306,0.6,222
11945,engineering,C,B,0.9,0.8112857525140211,0.85,116
11946,engineering,B,H,0.95,0.8068404467443908,0.6,142
11947,engineering,B,C,0.9,0.8190403597395426,0.9,122
11948,engineering,A,C,0.95,0.8497871160027625,0.95,202
11949,engineering,C,C,0.9,0.7367402626586894,0.9,250
11950,engineering,I,E,0.9,0.7118403531009913,0.4,243
11951,engineering,I,D,0.95,0.8026640033978792,0.95,178
11952,engineering,H,H,0.55,0.7920566657517507,0.6,320
11953,engineering,A,A,1.0,0.8796027359508307,1.0,71
11954,engineering,H,A,0.95,0.7847471790178254,0.95,129
11955,engineering,H,A,0.9,0.8782940438108491,0.9,354
11956,engineering,G,C,0.9,0.8270754237927327,0.9,88
11957,engineering,B,B,1.0,0.8503610455789492,1.0,90
11958,engineering,G,A,0.95,0.8323391739613277,0.3333333333333333,180
11959,engineering,I,I,0.9,0.8806991581269984,1.0,270
11960,engineering,F,D,1.0,0.8232787641920524,0.9,64
11961,engineering,F,B,0.98,0.8488379703143311,0.8,322
11962,engineering,B,B,0.9,0.8128173515014706,0.9,239
11963,engineering,E,G,0.8,0.6758253526219877,0.8,97
11964,engineering,C,J,0.95,0.6534931990480379,0.0,141
11965,engineering,J,D,0.9,0.7744405362165807,0.9,121
11966,engineering,F,A,0.85,0.710652557465469,0.85,165
11967,engineering,C,C,0.95,0.7154027189845631,0.4,92
11968,engineering,C,C,0.95,0.8527631831447329,0.95,61
11969,engineering,D,H,0.9,0.782229320829198,0.9,91
11970,engineering,B,C,0.0,0.7740747788673804,0.0,438
11971,engineering,H,E,0.95,0.7313629942481897,0.4,253
11972,engineering,E,C,0.8,0.8671809797379919,0.9,85
11973,engineering,A,H,1.0,0.8535095681034838,1.0,65
11974,engineering,D,E,0.0,0.8482335428600185,0.0,245
11975,engineering,F,C,0.8,0.8671765147307923,0.8,95
11976,engineering,B,J,0.25,0.8866260395687527,0.0,313
11977,engineering,D,,0.8,0.8486578090582627,0.0,365
11978,engineering,B,E,0.4,0.7719569267484562,0.4,480
11979,engineering,E,,1.0,0.8482208891182335,0.0,168
11980,engineering,A,A,0.95,0.8960312164094495,0.95,436
11981,engineering,E,D,0.95,0.7032049747904094,0.95,243
11982,engineering,H,B,0.95,0.9026356976326583,0.975,68
11983,engineering,B,D,0.95,0.8382456113923642,0.5800000000000001,176
11984,engineering,E,,0.9,0.7577037884353881,0.9,213
11985,engineering,H,C,0.95,0.817845470918434,0.7,451
11986,engineering,D,B,0.92,0.8205104390250989,0.9,118
11987,engineering,J,D,0.95,0.7791808464457045,0.8,132
11988,engineering,I,H,1.0,0.8700405003957526,0.7,243
11989,engineering,J,H,0.85,0.7914271800666445,0.85,154
11990,engineering,A,E,0.95,0.8081685599070548,0.9,371
11991,engineering,E,G,1.0,0.8698717043036034,1.0,378
11992,engineering,G,J,1.0,0.8986384740659639,0.0,142
11993,engineering,H,H,0.98,0.7928126582857578,0.98,532
11994,engineering,C,F,0.85,0.8700357845570035,0.0,470
11995,engineering,I,I,0.95,0.8415349500085932,0.95,58
11996,engineering,H,H,1.0,0.8553488477326933,1.0,224
11997,engineering,E,D,1.0,0.7222590386644971,0.9,250
11998,engineering,E,E,1.0,0.7995446421899514,0.9,216
11999,engineering,A,I,0.35,0.6724430608298694,0.0,191
12000,engineering,E,E,0.95,0.7606484805286905,0.95,292
12001,engineering,C,C,0.95,0.8311674180095633,0.95,106
12002,engineering,A,J,1.0,0.8264703796010702,1.0,301
12003,engineering,D,A,0.9,0.7682877041320965,0.6,372
12004,engineering,C,C,0.9,0.8220090813424069,0.0,438
12005,engineering,A,J,0.3,0.7296504353954345,0.0,196
12006,engineering,I,C,0.0,0.8933403284926033,0.2,829
12007,engineering,G,A,0.9,0.7873723292268029,0.9,247
12008,engineering,F,C,0.85,0.774152234293627,0.4,280
12009,engineering,G,D,0.9,0.8672656331271422,0.0,158
12010,engineering,E,D,0.0,0.6431290861618916,0.0,80
12011,engineering,D,C,0.95,0.8914307936710648,0.0,110
12012,engineering,J,C,0.9,0.7902942326209695,0.9,246
12013,engineering,I,J,0.5,0.789580081455313,0.2,445
12014,engineering,G,D,0.7,0.8468784634221717,0.9,311
12015,engineering,A,A,0.6,0.7530288805308837,0.7,161
12016,engineering,J,D,0.0,0.8505027309281452,0.0,241
12017,engineering,A,J,0.9,0.8316534052579616,0.8,232
12018,engineering,A,C,0.7,0.7481970710717181,0.6,244
12019,engineering,I,B,1.0,0.7998774404725241,0.4,297
12020,engineering,A,F,0.85,0.8395558843902302,1.0,293
12021,engineering,J,J,1.0,0.8495262802461352,1.0,156
12022,engineering,J,B,0.8,0.7152212272879972,0.8,207
12023,engineering,B,D,0.95,0.8152308106205649,0.95,170
12024,engineering,D,B,1.0,0.8712845239830681,1.0,272
12025,engineering,G,G,0.95,0.7819955712645363,0.95,117
12026,engineering,E,A,0.95,0.8438158105430168,0.95,520
12027,engineering,J,H,0.85,0.7376489245583739,0.0,149
12028,engineering,H,,0.9,0.9254864647432588,0.4,469
12029,engineering,F,C,0.95,0.8648711946331719,0.0,389
12030,engineering,I,A,0.95,0.7683363521600381,0.95,424
12031,engineering,F,C,0.5,0.8723955361228634,0.0,176
